0 0.430484375 0.00806406250000006 0.0065004066666666 0.007578025
0 0.4372786458333333 0.01250000000000003 0.0028385416666666017 0.0033854166666666685
0 0.4247105416666667 0.02265624999999997 0.0016666666666666012 0.0020407499999999964
0 0.40705709166666667 0.004674479166666705 0.0001874999999999347 0.0000135416666666705
0 0.34795572906666667 0.05839843750000003 0.004309895833333345 0.000848958333333326
0 0.3530989583333333 0.054231770833333304 0.0024609374999999822 0.0024739583333333406
0 0.04240489580000006 0.060598958000000286 0.0018098958000000155 0.0020407499999999964
0 0.3445703105 0.0609557091666667 0.000851560500000071 0.0016907083333333097
0 0.30397035406666666 0.04804687499999997 0.009270833333333348 0.00009790666666666
0 0.3213932291666667 0.04466145833333327 0.0026041666666666665 0.0023437499999999964
0 0.006875 0.04967447916666664 0.001950125 0.0024709580000000406
0 0.30876300083333335 0.05195310499999997 0.0006041666666666665 0.0013000833333333333