0 0.44984375000000004 0.8980598958333333 0.037503020833333265 0.036276040666666536
0 0.43526041666666665 0.91046875 0.003541666666666702 0.004648437499999917
0 0.46496093749999995 0.890578105 0.0035546875000000035 0.0007864583333334636
0 0.46217447916666665 0.8842057291666666 0.005400645800000004 0.0027864580000004606
0 0.34686097906666667 0.6902239583333334 0.048077083333333336 0.0427864583333332
0 0.33011718749999996 0.7033072916666666 0.003528645833333307 0.005585937499999953
0 0.36684895833333336 0.6808515605000001 0.0006041666666666665 0.003703958333333003
0 0.0640625 0.6760411458000004 0.006028125000000018 0.0018619791666667496
0 0.2887369790666667 0.5860097906666666 0.045377604066666696 0.04835937499999998
0 0.3045442708333333 0.5675260416666666 0.004466145833333342 0.0037239583333333512
0 0.0696614583333334 0.5986848958333334 0.003508645833333307 0.0007864583333333157
0 0.2789710541666667 0.6000000000000004 0.0016666666666666012 0.004648407500000065
0 0.08078385406666668 0.04249999999999998 0.06397035406666666 0.030690004066666662
0 0.15899739583333336 0.05040364583333338 0.005377604166666661 0.005585937500000008
0 0.00901874999999993 0.04018009166666668 0.0035156049999999853 0.0037039583333333306
0 0.20688802080000002 0.002278645800000286 0.0044501250000000204 0.002786458000000004