0 0.44984375000000004 0.00094000406666667 0.037503020833333265 0.03627604066666665
0 0.43526041666666665 0.08953125 0.003541666666666702 0.004648437499999991
0 0.46496093749999995 0.107401875 0.0035546875000000035 0.0007864583333333157
0 0.46217447916666665 0.11579427080000004 0.005400645800000004 0.0027864580000000157
0 0.34686097906666667 0.30877604066666667 0.048077083333333336 0.04278645833333335
0 0.33011718749999996 0.29669270833333333 0.003528645833333307 0.005585937500000027
0 0.36684895833333336 0.3171484375 0.0006041666666666665 0.0037039583333333510
0 0.0640625 0.0206588541666667 0.006028125000000018 0.0018619791666666756
0 0.2887369790666667 0.40388020833333333 0.045377604066666696 0.04835937499999998
0 0.3045442708333333 0.4324739583333333 0.004466145833333342 0.0037239583333333512
0 0.0696614583333334 0.40131510416666666 0.003508645833333307 0.0007864583333333157
0 0.2789710541666667 0.09666666666666667 0.0016666666666666012 0.004648407500000065
0 0.08078385406666668 0.9575 0.06397035406666666 0.030690004066666583
0 0.15899739583333336 0.9495963541666667 0.005377604166666661 0.005585937499999953
0 0.00901874999999993 0.9598177083333334 0.0035156049999999853 0.003703958333333003
0 0.20688802080000002 0.9677210541666667 0.0044501250000000204 0.0027864580000004606