0 0.9200822906666668 0.7599999999999999 0.024296875000000007 0.022503020833333286
0 0.9154296875 0.7545833333333333 0.0043749999999998694 0.0038932291666666785
0 0.9250776041666667 0.7671484075 0.002640229166666601 0.0008902291666666785
0 0.9097135416666666 0.7610807091666667 0.0043749999999998694 0.00016145833333344
0 0.7597526040666667 0.8390234375 0.025625000000000082 0.022083333333333382
0 0.7534765625 0.8305859375 0.006145833333333369 0.003463541666666773
0 0.7640098958000000 0.8460677080000000 0.004401041666666809 0.004005907499999905
0 0.7695050083333334 0.8388151041666667 0.003541666666666700 0.0051953105000000116
0 0.6324348958333333 0.05035406666666665 0.03504322906666668 0.02727864583333332
0 0.619453125 0.16087239583333332 0.006562499999999953 0.003033854166666683
0 0.6456080208000000 0.14528645800000004 0.004401041666666661 0.0008902291666666785
0 0.6413151041666666 0.14095050083333334 0.005060416666666619 0.003033854166666683
0 0.2600067708333333 0.07750302083333333 0.030234375000000036 0.008090004066666665
0 0.2699739583333334 0.0809765625 0.006575520833333348 0.004335937499999998
0 0.25829427080000004 0.07166666666666667 0.0048407500000000055 0.00089022916666666
0 0.05309895833333335 0.07665364583333333 0.003971354166666681 0.0006041666666666665