0 0.9200822906666668 0.24000000000000007 0.024296875000000007 0.02250302083333336
0 0.9154296875 0.2454166666666667 0.0043749999999998694 0.0038932291666666785
0 0.9250776041666667 0.20285156250000005 0.002640229166666601 0.0008902291666666785
0 0.9097135416666666 0.03891907083333334 0.0043749999999998694 0.000161458333333366
0 0.7597526040666667 0.0609765625 0.025625000000000082 0.022083333333333326
0 0.7534765625 0.16941406250000002 0.006145833333333369 0.0034635416666666994
0 0.7640098958000000 0.1509022916666667 0.004401041666666809 0.004005907500000016
0 0.7695050083333334 0.16118489583333309 0.003541666666666700 0.0051953105000000116
0 0.6324348958333333 0.8486458333333333 0.03504322906666668 0.027278645833333393
0 0.619453125 0.8391276041666668 0.006562499999999953 0.003033854166666572
0 0.6456080208000000 0.8547105416666666 0.004401041666666661 0.0008902291666666785
0 0.6413151041666666 0.8590494791666666 0.005060416666666619 0.003033854166666570
0 0.2600067708333333 0.9224869790666667 0.030234375000000036 0.008090004066666703
0 0.2699739583333334 0.9190234374999999 0.006575520833333348 0.004335937499999905
0 0.25829427080000004 0.9280000000000000 0.0048407500000000055 0.0008902291666666785
0 0.05309895833333335 0.9033463541666667 0.003971354166666681 0.0006041666666666665