0 0.5 0.5 0.099609375 0.048828125
0 0.3359375 0.025390625 0.021484375 0.021484375
0 0.17578125 0.2119140625 0.029296875 0.013671875
0 0.1728515625 0.263671875 0.037109375 0.044921875
0 0.2451171875 0.3603515625 0.0390625 0.029296875
0 0.0791015625 0.3193359375 0.033203125 0.033203125
0 0.33203125 0.2822265625 0.029296875 0.033203125
0 0.33984375 0.2880859375 0.021484375 0.02734375
0 0.3466796875 0.29296875 0.021484375 0.0234375
0 0.3603515625 0.2958984375 0.052734375 0.06640625
0 0.369140625 0.3017578125 0.02734375 0.03125
0 0.087890625 0.4638671875 0.029296875 0.029296875
0 0.23828125 0.43359375 0.03515625 0.02734375
0 0.2333984375 0.4853515625 0.037109375 0.021484375
0 0.31640625 0.4990234375 0.03125 0.025390625
0 0.2001953125 0.5341796875 0.033203125 0.01953125
0 0.162109375 0.5478515625 0.021484375 0.03515625
0 0.099609375 0.5859375 0.02734375 0.0234375
0 0.1875 0.595703125 0.037109375 0.021484375
0 0.2041015625 0.6640625 0.04296875 0.01953125
0 0.119140625 0.724609375 0.0390625 0.025390625
0 0.2744140625 0.7734375 0.041015625 0.01953125
0 0.345703125 0.8037109375 0.033203125 0.021484375
0 0.3525390625 0.666015625 0.046875 0.0234375
0 0.439453125 0.66015625 0.0390625 0.017578125
0 0.4501953125 0.716796875 0.0390625 0.017578125
0 0.5283203125 0.779296875 0.056640625 0.03125
0 0.3994140625 0.5966796875 0.056640625 0.025390625
0 0.333984375 0.6025390625 0.0390625 0.029296875
0 0.4091796875 0.8505859375 0.0390625 0.017578125
0 0.615234375 0.875 0.044921875 0.02734375
0 0.3896484375 0.470703125 0.03125 0.037109375
0 0.955078125 0.6083984375 0.02734375 0.02734375
0 0.560546875 0.986328125 0.046875 0.025390625
0 0.670875 0.400390625 0.076070875 0.0859375
0 0.939453025 0.0455078025 0.0005625 0.08984375