0 0.5 0.5 0.103515625 0.05859375
0 0.185546875 0.2001953125 0.0234375 0.015625
0 0.0703125 0.3359375 0.044921875 0.025390625
0 0.119140625 0.4189453125 0.0390625 0.02734375
0 0.1591796875 0.373046875 0.041015625 0.025390625
0 0.2109375 0.3935546875 0.02734375 0.015625
0 0.2216796875 0.4619140625 0.03515625 0.021484375
0 0.3134765625 0.443359375 0.046875 0.03125
0 0.0263671875 0.453125 0.044921875 0.03125
0 0.1376953125 0.5087890625 0.0390625 0.02734375
0 0.125 0.587890625 0.041015625 0.03515625
0 0.248046875 0.5615234375 0.044921875 0.029296875
0 0.1923828125 0.6748046875 0.0390625 0.03515625
0 0.3564453125 0.681640625 0.04296875 0.02734375
0 0.318359375 0.798828125 0.052734375 0.037109375
0 0.1904296875 0.828125 0.041015625 0.033203125
0 0.3193359375 0.904296875 0.046875 0.037109375
0 0.4248046875 0.9072265625 0.041015625 0.02734375
0 0.4697265625 0.82421875 0.05078125 0.029296875
0 0.4033203125 0.75390625 0.0546875 0.03515625
0 0.642578125 0.3896484375 0.01953125 0.015625
0 0.6708984375 0.1474609375 0.05859375 0.0390625
0 0.9462890625 0.0693359375 0.041015625 0.025390625
0 0.361328125 0.8525390625 0.02734375 0.0234375
0 0.0587890605 0.03808105 0.154096875 0.08984375
0 0.5966796875 0.3857401875 0.091796875 0.05078105
0 0.4365034375 0.8115034375 0.134765605 0.1015605
0 0.708515605 0.1806171875 0.076171875 0.05859375
0 0.9541015605 0.7861308105 0.048808105 0.056640605