0 0.5 0.5 0.07421875 0.109375
0 0.154296875 0.763671875 0.017578125 0.0234375
0 0.2705078125 0.8984375 0.03125 0.046875
0 0.3603515625 0.86328125 0.03125 0.041015625
0 0.3212890625 0.81640625 0.03125 0.04296875
0 0.349609375 0.7685546875 0.01953125 0.02734375
0 0.4189453125 0.7685546875 0.02734375 0.037109375
0 0.4150390625 0.6748046875 0.037109375 0.05078125
0 0.37890625 0.9599609375 0.037109375 0.048828125
0 0.4521484375 0.859375 0.03125 0.041015625
0 0.5283203125 0.8837890625 0.0390625 0.044921875
0 0.521484375 0.7587890625 0.03515625 0.046875
0 0.625 0.8310546875 0.0390625 0.04296875
0 0.6572265625 0.669921875 0.033203125 0.044921875
0 0.7666015625 0.7265625 0.044921875 0.056640625
0 0.775390625 0.857421875 0.037109375 0.044921875
0 0.87109375 0.7412109375 0.04296875 0.05078125
0 0.890625 0.6376953125 0.03125 0.04296875
0 0.8154296875 0.5810546875 0.037109375 0.052734375
0 0.736328125 0.6357421875 0.04296875 0.05859375
0 0.4140625 0.341796875 0.017578125 0.01953125
0 0.1787109375 0.2763671875 0.046875 0.0625
0 0.14453125 0.0068359375 0.03125 0.013671875
0 0.826171875 0.6923828125 0.02734375 0.029296875
0 0.0041015605 0.697065605 0.111308105 0.160109375
0 0.40034375 0.38671875 0.0605 0.095703105
0 0.796875 0.611308105 0.119140605 0.14453105
0 0.00065605 0.004609375 0.068359375 0.08003105
0 0.8505390605 0.095703105 0.0605 0.056640605