0 0.6953125 0.4599609375 0.060546875 0.095703125
0 0.3076171875 0.5380859375 0.060546875 0.1015625
0 0.59375 0.369140625 0.0390625 0.0390625
0 0.435546875 0.466796875 0.03125 0.037109375
0 0.6455078125 0.62890625 0.037109375 0.05078125
0 0.693359375 0.8330078125 0.046875 0.056640625
0 0.6396484375 0.9365234375 0.033203125 0.037109375
0 0.5849609375 0.9306640625 0.03515625 0.05078125
0 0.556640625 0.8583984375 0.03515625 0.041015625
0 0.453125 0.8642578125 0.021484375 0.0234375
0 0.42578125 0.890625 0.0390625 0.041015625
0 0.306640625 0.9091796875 0.037109375 0.052734375
0 0.3154296875 0.7900390625 0.029296875 0.044921875
0 0.3544921875 0.8056640625 0.03125 0.044921875
0 0.2119140625 0.8623046875 0.02734375 0.041015625
0 0.0087890625 0.748046875 0.017578125 0.08203125
0 0.0224609375 0.759765625 0.017578125 0.017578125
0 0.146484375 0.328125 0.021484375 0.01953125
0 0.087890625 0.21484375 0.0390625 0.044921875