0 0.5 0.5 0.15625 0.107421875
0 0.80078125 0.5966796875 0.0625 0.052734375
0 0.4892578125 0.1826171875 0.052734375 0.04296875
0 0.2666015625 0.09765625 0.04296875 0.02734375
0 0.4384765625 0.064453125 0.017578125 0.017578125
0 0.447265625 0.04296875 0.01953125 0.021484375
0 0.5087890625 0.0224609375 0.021484375 0.021484375
0 0.7578105 0.4697065605 0.40034375 0.05390605
0 0.845703105 0.6337890605 0.0703105 0.0546875
0 0.3407734375 0.130859375 0.105 0.0703105
0 0.5458984375 0.1650390605 0.087890605 0.076171875