0 0.7080078125 0.0458984375 0.115234375 0.048828125
0 0.8486328125 0.119140625 0.162109375 0.13671875
0 0.61328125 0.578125 0.177734375 0.1171875
0 0.4482421875 0.0185546875 0.205078125 0.037109375
0 0.0771484375 0.2568359375 0.107421875 0.19140625
0 0.2744140625 0.4326171875 0.1640625 0.103515625
0 0.6279296875 0.7626953125 0.1171875 0.203125
0 0.5458984375 0.9111328125 0.06640625 0.111328125
0 0.83984375 0.7900390625 0.140625 0.24609375
0 0.6962890625 0.2109375 0.044921875 0.033203125
0 0.5634765625 0.3916015625 0.04296875 0.0234375
0 0.7724609375 0.517578125 0.046875 0.052734375
0 0.3876953125 0.220703125 0.044921875 0.037109375
0 0.3671875 0.40625 0.046875 0.02734375
0 0.01171875 0.544921875 0.0234375 0.0234375
0 0.880859375 0.1982421875 0.048828125 0.044921875
0 0.9833984375 0.353515625 0.033203125 0.03125