0 0.61328125 0.984375 0.09765625 0.03125
0 0.2861328125 0.6640625 0.11328125 0.0625
0 0.2978515625 0.478515625 0.1171875 0.060546875
0 0.16015625 0.50390625 0.12109375 0.0625
0 0.451171875 0.33203125 0.103515625 0.201171875
0 0.513671875 0.7080078125 0.0625 0.12109375
0 0.9140625 0.8388671875 0.021484375 0.021484375
0 0.7265625 0.833984375 0.009765625 0.013671875
0 0.8037109375 0.380859375 0.01953125 0.021484375
0 0.8740234375 0.14453125 0.017578125 0.021484375
0 0.9755859375 0.123046875 0.04296875 0.046875
0 0.4169921875 0.1416015625 0.0234375 0.037109375