0 0.3701171875 0.9833984375 0.095703125 0.033203125
0 0.7080078125 0.671875 0.11328125 0.05859375
0 0.7021484375 0.4853515625 0.1171875 0.056640625
0 0.83984375 0.515625 0.12109375 0.05859375
0 0.5546875 0.333984375 0.09765625 0.19921875
0 0.4794921875 0.70703125 0.05859375 0.12109375
0 0.07421875 0.82421875 0.021484375 0.021484375
0 0.2626953125 0.826171875 0.0078125 0.013671875
0 0.2001953125 0.3701171875 0.01953125 0.021484375
0 0.138671875 0.1318359375 0.017578125 0.021484375
0 0.0380859375 0.1064453125 0.041015625 0.044921875
0 0.595703125 0.14453125 0.021484375 0.037109375