0 0.5 0.5 0.064453125 0.10546875
0 0.18359375 0.201171875 0.015625 0.0234375
0 0.3134765625 0.0791015625 0.02734375 0.044921875
0 0.3984375 0.1240234375 0.029296875 0.0390625
0 0.35546875 0.166015625 0.02734375 0.041015625
0 0.3779296875 0.2177734375 0.017578125 0.02734375
0 0.447265625 0.224609375 0.0234375 0.03515625
0 0.43359375 0.3173828125 0.033203125 0.048828125
0 0.427734375 0.0302734375 0.033203125 0.046875
0 0.4892578125 0.1376953125 0.029296875 0.0390625
0 0.568359375 0.1220703125 0.037109375 0.04296875
0 0.5478515625 0.2451171875 0.03125 0.046875
0 0.6591796875 0.18359375 0.03515625 0.041015625
0 0.673828125 0.34765625 0.029296875 0.04296875
0 0.7890625 0.302734375 0.0390625 0.0546875
0 0.8115234375 0.1728515625 0.03515625 0.04296875
0 0.89453125 0.298828125 0.0390625 0.048828125
0 0.90234375 0.404296875 0.029296875 0.041015625
0 0.8212890625 0.453125 0.03125 0.052734375
0 0.7490234375 0.3896484375 0.0390625 0.056640625
0 0.3974609375 0.6484375 0.015625 0.01953125
0 0.1572265625 0.689453125 0.04296875 0.060546875
0 0.09375 0.96875 0.02734375 0.041015625
0 0.8447265625 0.3427734375 0.025390625 0.02734375
0 0.0065605 0.0734375 0.09765605 0.158003105
0 0.390605 0.6005390605 0.0546875 0.09375
0 0.8076171875 0.419901875 0.109375 0.138671875
0 0.1953105 0.7451171875 0.0605 0.078105
0 0.8076171875 0.939453105 0.05859375 0.050734375