0 0.5 0.5 0.142578125 0.072265625
0 0.8154296875 0.484375 0.0546875 0.0390625
0 0.4072265625 0.8037109375 0.046875 0.03125
0 0.1708984375 0.828125 0.0390625 0.017578125
0 0.328125 0.9052734375 0.013671875 0.013671875
0 0.3310546875 0.927734375 0.015625 0.017578125
0 0.384765625 0.9638671875 0.017578125 0.017578125
0 0.7410109375 0.595703105 0.373046875 0.160109375
0 0.8681640605 0.4599609375 0.0605 0.0390605
0 0.0509096875 0.81640605 0.119140605 0.041015605
0 0.4580078105 0.8359375 0.076171875 0.05859375