0 0.3046875 0.5400390625 0.060546875 0.095703125
0 0.6923828125 0.4619140625 0.060546875 0.1015625
0 0.40625 0.630859375 0.0390625 0.0390625
0 0.564453125 0.533203125 0.03125 0.037109375
0 0.3544921875 0.37109375 0.037109375 0.05078125
0 0.306640625 0.1669921875 0.046875 0.056640625
0 0.3603515625 0.0634765625 0.033203125 0.037109375
0 0.4150390625 0.0693359375 0.03515625 0.05078125
0 0.443359375 0.1416015625 0.03515625 0.041015625
0 0.546875 0.1357421875 0.021484375 0.0234375
0 0.57421875 0.109375 0.0390625 0.041015625
0 0.693359375 0.0908203125 0.037109375 0.052734375
0 0.6845703125 0.2099609375 0.029296875 0.044921875
0 0.6455078125 0.1943359375 0.03125 0.044921875
0 0.7880859375 0.1376953125 0.02734375 0.041015625
0 0.9912109375 0.25 0.017578125 0.08203125
0 0.9775390625 0.240234375 0.017578125 0.017578125
0 0.853515625 0.671875 0.021484375 0.01953125
0 0.912109375 0.78515625 0.0390625 0.044921875