0 0.5 0.5 0.099609375 0.048828125
0 0.6640625 0.974609375 0.021484375 0.021484375
0 0.82421875 0.7880859375 0.029296875 0.013671875
0 0.8271484375 0.736328125 0.037109375 0.044921875
0 0.7548828125 0.6396484375 0.0390625 0.029296875
0 0.9208984375 0.6806640625 0.033203125 0.033203125
0 0.66796875 0.7177734375 0.029296875 0.033203125
0 0.66015625 0.7119140625 0.021484375 0.02734375
0 0.6533203125 0.70703125 0.021484375 0.0234375
0 0.6396484375 0.7041015625 0.052734375 0.06640625
0 0.630859375 0.6982421875 0.02734375 0.03125
0 0.912109375 0.5361328125 0.029296875 0.029296875
0 0.76171875 0.56640625 0.03515625 0.02734375
0 0.7666015625 0.5146484375 0.037109375 0.021484375
0 0.68359375 0.5009765625 0.03125 0.025390625
0 0.7998046875 0.4658203125 0.033203125 0.01953125
0 0.837890625 0.4521484375 0.021484375 0.03515625
0 0.900390625 0.4140625 0.02734375 0.0234375
0 0.8125 0.404296875 0.037109375 0.021484375
0 0.7958984375 0.3359375 0.04296875 0.01953125
0 0.880859375 0.275390625 0.0390625 0.025390625
0 0.7255859375 0.2265625 0.041015625 0.01953125
0 0.654296875 0.1962890625 0.033203125 0.021484375
0 0.6474609375 0.333984375 0.046875 0.0234375
0 0.560546875 0.33984375 0.0390625 0.017578125
0 0.5498046875 0.283203125 0.0390625 0.017578125
0 0.4716796875 0.220703125 0.056640625 0.03125
0 0.6005859375 0.4033203125 0.056640625 0.025390625
0 0.666015625 0.3974609375 0.0390625 0.029296875
0 0.5908203125 0.1494140625 0.0390625 0.017578125
0 0.384765625 0.125 0.044921875 0.02734375
0 0.6103515625 0.529296875 0.03125 0.037109375
0 0.044921875 0.3916015625 0.02734375 0.02734375
0 0.4384765625 0.013671875 0.046875 0.025390625
0 0.328025 0.599609375 0.076070875 0.0859375
0 0.060546875 0.8544920875 0.0005625 0.08984375