0 0.9873046875 0.4931640625 0.025390625 0.115234375
0 0.9609375 0.3369140625 0.078125 0.162109375
0 0.474609375 0.365234375 0.1171875 0.177734375
0 0.9375 0.7509765625 0.080078125 0.205078125
0 0.55078125 0.9658203125 0.19140625 0.068359375
0 0.470703125 0.7333984375 0.103515625 0.1640625
0 0.3115234375 0.2763671875 0.203125 0.1171875
0 0.1435546875 0.2900390625 0.111328125 0.06640625
0 0.373046875 0.0712890625 0.24609375 0.140625
0 0.84375 0.4384765625 0.033203125 0.044921875
0 0.625 0.4853515625 0.0234375 0.04296875
0 0.5947265625 0.2431640625 0.052734375 0.046875
0 0.7099609375 0.7158203125 0.037109375 0.044921875
0 0.5322265625 0.6591796875 0.02734375 0.046875
0 0.2578125 0.9326171875 0.0234375 0.03515625
0 0.9306640625 0.275390625 0.044921875 0.048828125
0 0.8330078125 0.1103515625 0.03125 0.048828125