0 0.5 0.5 0.150390625 0.091796875
0 0.185546875 0.4716796875 0.060546875 0.046875
0 0.6337890625 0.2119140625 0.05078125 0.037109375
0 0.87109375 0.220703125 0.041015625 0.0234375
0 0.7265625 0.123046875 0.015625 0.015625
0 0.7265625 0.099609375 0.017578125 0.01953125
0 0.6787109375 0.056640625 0.01953125 0.01953125
0 0.0744140605 0.3700703105 0.390578105 0.010890605
0 0.1098808105 0.48808105 0.06640605 0.046875
0 0.7890605 0.000703105 0.103046875 0.056640605
0 0.587890605 0.1708515605 0.083984375 0.068359375