0 0.595703125 0.6748046875 0.08984375 0.044921875
0 0.4072265625 0.3271484375 0.09765625 0.044921875
0 0.65234375 0.5517578125 0.03515625 0.033203125
0 0.5126953125 0.4287109375 0.03515625 0.025390625
0 0.4189453125 0.6767578125 0.046875 0.029296875
0 0.23828125 0.7822265625 0.05078125 0.037109375
0 0.123046875 0.76171875 0.033203125 0.029296875
0 0.11328125 0.70703125 0.048828125 0.02734375
0 0.173828125 0.6591796875 0.037109375 0.029296875
0 0.138671875 0.5615234375 0.01953125 0.01953125
0 0.1044921875 0.54296875 0.037109375 0.033203125
0 0.0517578125 0.4345703125 0.05078125 0.02734375
0 0.1689453125 0.4091796875 0.041015625 0.021484375
0 0.1650390625 0.4501953125 0.04296875 0.0234375
0 0.0693359375 0.330078125 0.037109375 0.021484375
0 0.1103515625 0.078125 0.072265625 0.05859375
0 0.1123046875 0.119140625 0.013671875 0.015625
0 0.560546875 0.111328125 0.015625 0.017578125
0 0.65234375 0.0224609375 0.041015625 0.033203125