0 0.01171875 0.4677734375 0.0234375 0.115234375
0 0.0419921875 0.3115234375 0.083984375 0.158203125
0 0.5322265625 0.3662109375 0.109375 0.17578125
0 0.0498046875 0.7275390625 0.0703125 0.205078125
0 0.4228515625 0.9658203125 0.189453125 0.068359375
0 0.517578125 0.734375 0.09765625 0.162109375
0 0.69921875 0.2861328125 0.201171875 0.109375
0 0.8671875 0.3095703125 0.109375 0.060546875
0 0.6484375 0.0791015625 0.2421875 0.130859375
0 0.16015625 0.419921875 0.03125 0.044921875
0 0.3759765625 0.4794921875 0.021484375 0.04296875
0 0.4189453125 0.2392578125 0.05078125 0.044921875
0 0.279296875 0.705078125 0.03515625 0.04296875
0 0.4599609375 0.6572265625 0.0234375 0.046875
0 0.71875 0.9453125 0.0234375 0.03515625
0 0.08203125 0.2529296875 0.04296875 0.048828125
0 0.1875 0.09375 0.02734375 0.046875