0 0.759765625 0.0654296875 0.099609375 0.060546875
0 0.34765625 0.2783203125 0.1171875 0.072265625
0 0.3017578125 0.4580078125 0.12109375 0.072265625
0 0.177734375 0.3916015625 0.125 0.07421875
0 0.4013671875 0.64453125 0.123046875 0.20703125
0 0.5771484375 0.306640625 0.07421875 0.125
0 0.9931640625 0.3046875 0.013671875 0.0234375
0 0.818359375 0.251953125 0.009765625 0.015625
0 0.751953125 0.70703125 0.021484375 0.0234375
0 0.74609375 0.9541015625 0.01953125 0.021484375
0 0.8359375 0.990234375 0.046875 0.01953125
0 0.310546875 0.8154296875 0.02734375 0.0390625