0 0.5 0.5 0.1015625 0.0546875
0 0.302734375 0.037109375 0.0234375 0.0234375
0 0.15625 0.2353515625 0.03125 0.015625
0 0.1572265625 0.2861328125 0.0390625 0.046875
0 0.236328125 0.37890625 0.041015625 0.03125
0 0.0673828125 0.3486328125 0.03515625 0.03515625
0 0.3173828125 0.2939453125 0.03125 0.03515625
0 0.326171875 0.2998046875 0.0234375 0.029296875
0 0.33203125 0.3046875 0.0234375 0.025390625
0 0.345703125 0.3056640625 0.056640625 0.0703125
0 0.35546875 0.310546875 0.029296875 0.033203125
0 0.0869140625 0.4921875 0.029296875 0.03125
0 0.234375 0.4521484375 0.037109375 0.029296875
0 0.2333984375 0.50390625 0.0390625 0.0234375
0 0.31640625 0.51171875 0.033203125 0.02734375
0 0.203125 0.5546875 0.03515625 0.021484375
0 0.166015625 0.5712890625 0.0234375 0.037109375
0 0.1064453125 0.6142578125 0.029296875 0.025390625
0 0.1953125 0.6171875 0.0390625 0.0234375
0 0.2158203125 0.68359375 0.044921875 0.021484375
0 0.1357421875 0.75 0.041015625 0.02734375
0 0.2939453125 0.7890625 0.04296875 0.021484375
0 0.3671875 0.8134765625 0.03515625 0.0234375
0 0.3642578125 0.6767578125 0.048828125 0.025390625
0 0.4501953125 0.6640625 0.041015625 0.01953125
0 0.46484375 0.7197265625 0.041015625 0.01953125
0 0.5478515625 0.7763671875 0.056640625 0.03515625
0 0.4072265625 0.603515625 0.05859375 0.029296875
0 0.3408203125 0.6142578125 0.041015625 0.03125
0 0.4345703125 0.8564453125 0.041015625 0.01953125
0 0.6416015625 0.8662109375 0.046875 0.029296875
0 0.3876953125 0.478515625 0.033203125 0.037109375
0 0.9619140625 0.576171875 0.029296875 0.029296875
0 0.5947265625 0.9814453125 0.048828125 0.02734375
0 0.6640625 0.388670875 0.08203025 0.090796875
0 0.9030859375 0.0062009375 0.00546875 0.095703025