0 0.93359375 0.6357421875 0.1328125 0.119140625
0 0.81640625 0.755859375 0.150390625 0.1171875
0 0.8125 0.5087890625 0.15625 0.146484375
0 0.642578125 0.578125 0.19921875 0.1796875
0 0.609375 0.4765625 0.1796875 0.15625
0 0.5595703125 0.296875 0.150390625 0.142578125
0 0.572265625 0.326171875 0.177734375 0.1640625
0 0.494140625 0.6025390625 0.119140625 0.109375
0 0.3544921875 0.2158203125 0.107421875 0.1171875
0 0.392578125 0.2412109375 0.10546875 0.111328125
0 0.2763671875 0.4228515625 0.140625 0.1484375
0 0.2431640625 0.380859375 0.16796875 0.1640625
0 0.1103515625 0.39453125 0.09765625 0.091796875
0 0.529296875 0.6201171875 0.1328125 0.123046875
0 0.5400390625 0.470703125 0.12890625 0.123046875
0 0.064453125 0.400390625 0.09375 0.087890625