0 0.5859375 0.92578125 0.26171875 0.1484375
0 0.890625 0.921875 0.193359375 0.060546875
0 0.5322265625 0.4423828125 0.21875 0.119140625
0 0.40625 0.796875 0.126953125 0.060546875
0 0.1162109375 0.2939453125 0.08984375 0.154296875
0 0.6953125 0.1455078125 0.0703125 0.12890625
0 0.8515625 0.3837890625 0.068359375 0.115234375
0 0.8642578125 0.263671875 0.0546875 0.09765625
0 0.875 0.158203125 0.046875 0.083984375
0 0.4052734375 0.6435546875 0.0546875 0.029296875
0 0.4951171875 0.640625 0.025390625 0.021484375
0 0.5205078125 0.576171875 0.04296875 0.029296875
0 0.474609375 0.529296875 0.05078125 0.037109375
0 0.314453125 0.544921875 0.0234375 0.02734375
0 0.0400390625 0.3720703125 0.017578125 0.013671875
0 0.0625 0.2412109375 0.021484375 0.021484375
0 0.130859375 0.123046875 0.080078125 0.12890625
0 0.357421875 0.994140625 0.03515625 0.01171875
0 0.3935546875 0.9794921875 0.03515625 0.033203125
0 0.80078125 0.0869140625 0.037109375 0.02734375