0 0.765625 0.7841796875 0.123046875 0.095703125
0 0.4775390625 0.451171875 0.109375 0.0859375
0 0.1865234375 0.34765625 0.111328125 0.095703125
0 0.4755859375 0.05859375 0.11328125 0.087890625
0 0.4423828125 0.9443359375 0.12109375 0.0859375
0 0.708984375 0.30859375 0.05078025 0.07420875
0 0.26070875 0.6070875 0.0640625 0.038670875
0 0.2509765625 0.7000953025 0.02009375 0.007420875
0 0.430640625 0.7529296875 0.39453025 0.326070875
0 0.92578025 0.3359375 0.000328025 0.083984375
0 0.8290005625 0.25390625 0.080640625 0.06005625