0 0.650390625 0.310546875 0.16015625 0.150390625
0 0.478515625 0.45703125 0.16015625 0.154296875
0 0.5029296875 0.484375 0.15625 0.154296875
0 0.341796875 0.6015625 0.154296875 0.146484375
0 0.3623046875 0.6279296875 0.150390625 0.140625
0 0.384765625 0.6865234375 0.162109375 0.142578125
0 0.0556640625 0.4609375 0.111328125 0.109375
0 0.0595703125 0.490234375 0.06640625 0.068359375
0 0.2177734375 0.4150390625 0.048828125 0.04296875
0 0.173828125 0.46875 0.05859375 0.0546875
0 0.5625 0.0859375 0.076171875 0.037109375
0 0.6337890625 0.064453125 0.060546875 0.02734375
0 0.33984375 0.9921875 0.03125 0.015625
0 0.37890625 0.9560546875 0.02734375 0.044921875
0 0.3818359375 0.9375 0.04296875 0.064453125