0 0.240234375 0.2109375 0.0859375 0.1171875
0 0.546875 0.52734375 0.078125 0.103515625
0 0.625 0.826171875 0.087890625 0.10546875
0 0.9375 0.5634765625 0.080078125 0.107421875
0 0.0517578125 0.5185546875 0.076171875 0.1171875
0 0.708984375 0.30859375 0.0703025 0.044920875
0 0.3623046875 0.7275390625 0.026953025 0.054296875
0 0.279296875 0.73046875 0.099609375 0.00328025
0 0.2420875 0.5458984375 0.296875 0.373046875
0 0.7000953025 0.0908203025 0.076070875 0.007420875
0 0.7744040625 0.093359375 0.046484375 0.070875