0 0.3271484375 0.6689453125 0.140625 0.150390625
0 0.455078125 0.4833984375 0.14453125 0.150390625
0 0.484375 0.50390625 0.14453125 0.146484375
0 0.5849609375 0.33203125 0.13671875 0.14453125
0 0.6123046875 0.349609375 0.130859375 0.142578125
0 0.673828125 0.3662109375 0.1328125 0.15234375
0 0.4150390625 0.060546875 0.1015625 0.107421875
0 0.4443359375 0.0634765625 0.064453125 0.0625
0 0.3857421875 0.228515625 0.0390625 0.044921875
0 0.4345703125 0.1787109375 0.05078125 0.0546875
0 0.0947265625 0.60546875 0.033203125 0.07421875
0 0.0810546875 0.6787109375 0.0234375 0.05859375
0 0.974609375 0.2890625 0.017578125 0.029296875
0 0.9404296875 0.33203125 0.04296875 0.0234375
0 0.9228515625 0.3359375 0.060546875 0.0390625