0 0.3115234375 0.6513671875 0.166015625 0.158203125
0 0.5107421875 0.546875 0.166015625 0.162109375
0 0.494140625 0.5146484375 0.162109375 0.162109375
0 0.6767578125 0.4365234375 0.16015625 0.15234375
0 0.6630859375 0.40625 0.15625 0.146484375
0 0.654296875 0.34375 0.16796875 0.150390625
0 0.92578125 0.6376953125 0.119140625 0.11328125
0 0.9267578125 0.6083984375 0.068359375 0.0703125
0 0.755859375 0.646484375 0.05078125 0.044921875
0 0.810546875 0.603515625 0.060546875 0.05859375
0 0.345703125 0.8896484375 0.078125 0.041015625
0 0.2724609375 0.8935546875 0.060546875 0.029296875
0 0.7666015625 0.0546875 0.03125 0.021484375
0 0.720703125 0.0830078125 0.029296875 0.044921875
0 0.7138671875 0.1005859375 0.044921875 0.064453125