0 0.73828125 0.7109375 0.15625 0.166015625
0 0.5732421875 0.5625 0.162109375 0.1640625
0 0.41796875 0.42578125 0.15234375 0.158203125
0 0.361328125 0.4482421875 0.150390625 0.16015625
0 0.3173828125 0.4853515625 0.140625 0.150390625
0 0.26171875 0.2890625 0.150390625 0.16015625
0 0.9140625 0.7998046875 0.025390625 0.041015625
0 0.97265625 0.90625 0.03515625 0.048828125
0 0.962890625 0.875 0.013671875 0.017578125
0 0.55078125 0.181640625 0.064453125 0.072265625
0 0.1064453125 0.453125 0.072265625 0.044921875
0 0.7744040625 0.5673828025 0.07420875 0.090796875
0 0.4902009375 0.384765625 0.070875 0.054296875
0 0.7744040625 0.634765625 0.0005625 0.080078025
0 0.8447265625 0.537009375 0.000328025 0.026953025