0 0.8544921875 0.46484375 0.140625 0.12890625
0 0.83203125 0.490234375 0.13671875 0.119140625
0 0.6435546875 0.6845703125 0.15625 0.13671875
0 0.6328125 0.708984375 0.138671875 0.126953125
0 0.5712890625 0.5361328125 0.15234375 0.130859375
0 0.6572265625 0.5322265625 0.150390625 0.1328125
0 0.5205078125 0.421875 0.107421875 0.091796875
0 0.5546875 0.4013671875 0.125 0.115234375
0 0.654296875 0.4072265625 0.1328125 0.11328125
0 0.755859375 0.1748046875 0.10546875 0.078125
0 0.4775390625 0.794921875 0.09765625 0.09765625
0 0.4453125 0.8271484375 0.08984375 0.09375
0 0.333984375 0.6337890625 0.123046875 0.13671875
0 0.3095703125 0.6865234375 0.138671875 0.14453125
0 0.1748046875 0.69140625 0.083984375 0.087890625
0 0.140625 0.69921875 0.09765625 0.087890625