0 0.2138671875 0.1357421875 0.12109375 0.150390625
0 0.1474609375 0.2958984375 0.119140625 0.15234375
0 0.3798828125 0.2109375 0.1484375 0.158203125
0 0.3759765625 0.39453125 0.18359375 0.201171875
0 0.482421875 0.3896484375 0.158203125 0.181640625
0 0.66796875 0.3720703125 0.14453125 0.15234375
0 0.6357421875 0.3701171875 0.166015625 0.1796875
0 0.40625 0.5419921875 0.109375 0.12109375
0 0.8173828125 0.5341796875 0.119140625 0.107421875
0 0.7802734375 0.5068359375 0.11328125 0.107421875
0 0.65234375 0.681640625 0.1484375 0.140625
0 0.703125 0.697265625 0.166015625 0.169921875
0 0.73828125 0.826171875 0.09375 0.099609375
0 0.3779296875 0.515625 0.123046875 0.134765625
0 0.5126953125 0.4521484375 0.125 0.130859375
0 0.7490234375 0.87109375 0.087890625 0.09375