0 0.064453125 0.4580078125 0.12890625 0.25390625
0 0.0400390625 0.15625 0.041015625 0.1953125
0 0.5546875 0.4619140625 0.099609375 0.212890625
0 0.21484375 0.6240234375 0.048828125 0.125
0 0.7451171875 0.8603515625 0.150390625 0.07421875
0 0.83203125 0.2685546875 0.125 0.05859375
0 0.5791015625 0.138671875 0.111328125 0.05859375
0 0.6962890625 0.11328125 0.09375 0.044921875
0 0.80078125 0.0908203125 0.080078125 0.0390625
0 0.3671875 0.609375 0.0234375 0.0546875
0 0.361328125 0.51953125 0.01953125 0.0234375
0 0.421875 0.4873046875 0.025390625 0.041015625
0 0.47265625 0.5283203125 0.033203125 0.048828125
0 0.474609375 0.6884765625 0.025390625 0.021484375
0 0.6748046875 0.943359375 0.013671875 0.015625
0 0.8037109375 0.908203125 0.01953125 0.01953125
0 0.9130859375 0.8271484375 0.123046875 0.068359375
0 0.0146484375 0.693359375 0.025390625 0.033203125
0 0.0078125 0.6845703125 0.015625 0.033203125
0 0.0341796875 0.65625 0.029296875 0.033203125
0 0.87890625 0.1572265625 0.0234375 0.03515625