0 0.7744140625 0.775390625 0.091796875 0.12109375
0 0.4521484375 0.4755859375 0.08203125 0.107421875
0 0.3583984375 0.1806640625 0.091796875 0.109375
0 0.0595703125 0.4599609375 0.083984375 0.111328125
0 0.9462890625 0.4580078125 0.08203125 0.119140625
0 0.3007578025 0.7020484375 0.072265625 0.048828025
0 0.6259765625 0.265625 0.034765625 0.06005625
0 0.7080078025 0.2578025 0.00546875 0.009040625
0 0.7548828025 0.4404296875 0.304453025 0.38670875
0 0.3202890625 0.9089453025 0.080078025 0.009375
0 0.2420875 0.8203025 0.054296875 0.077734375