0 0.5146484375 0.85546875 0.146484375 0.15625
0 0.5361328125 0.830078125 0.13671875 0.15234375
0 0.7021484375 0.6162109375 0.158203125 0.173828125
0 0.7255859375 0.6025390625 0.14453125 0.154296875
0 0.5458984375 0.5654296875 0.150390625 0.16796875
0 0.5537109375 0.6513671875 0.15234375 0.16796875
0 0.42578125 0.53125 0.10546875 0.119140625
0 0.41015625 0.5673828125 0.130859375 0.138671875
0 0.4296875 0.6650390625 0.130859375 0.146484375
0 0.212890625 0.798828125 0.091796875 0.11328125
0 0.7880859375 0.4365234375 0.109375 0.109375
0 0.81640625 0.400390625 0.103515625 0.1015625
0 0.609375 0.31640625 0.15234375 0.140625
0 0.658203125 0.28515625 0.162109375 0.158203125
0 0.64453125 0.150390625 0.09765625 0.09375
0 0.646484375 0.1171875 0.099609375 0.107421875