0 0.76953125 0.412109375 0.181640625 0.1484375
0 0.54296875 0.220703125 0.05078125 0.11328125
0 0.599609375 0.7470703125 0.08203125 0.08984375
0 0.6611328125 0.3154296875 0.046875 0.0859375
0 0.2744140625 0.8125 0.06640625 0.0703125
0 0.5283203125 0.67578125 0.033203125 0.037109375
0 0.5185546875 0.6806640625 0.0390625 0.04296875
0 0.4814453125 0.638671875 0.029296875 0.03125
0 0.4443359375 0.6162109375 0.03515625 0.0390625
0 0.1787109375 0.1474609375 0.072265625 0.060546875
0 0.3037109375 0.201171875 0.05859375 0.046875