0 0.705078125 0.072265625 0.12890625 0.14453125
0 0.6796875 0.080078125 0.130859375 0.16015625
0 0.595703125 0.2421875 0.12890625 0.138671875
0 0.5 0.4462890625 0.181640625 0.193359375
0 0.369140625 0.408203125 0.16015625 0.171875
0 0.3427734375 0.421875 0.140625 0.150390625
0 0.3017578125 0.6064453125 0.138671875 0.1328125
0 0.2529296875 0.625 0.107421875 0.10546875
0 0.4130859375 0.7412109375 0.166015625 0.154296875
0 0.4267578125 0.9189453125 0.107421875 0.111328125
0 0.4228515625 0.8759765625 0.09375 0.09375
0 0.4326171875 0.697265625 0.10546875 0.095703125
0 0.189453125 0.7021484375 0.01953125 0.0234375