0 0.5693359375 0.7744140625 0.138671875 0.17578125
0 0.775390625 0.5625 0.11328125 0.044921875
0 0.24609375 0.58203125 0.0859375 0.078125
0 0.6728515625 0.673828125 0.0859375 0.041015625
0 0.2041015625 0.2529296875 0.06640625 0.064453125
0 0.3232421875 0.515625 0.037109375 0.03125
0 0.318359375 0.505859375 0.041015625 0.037109375
0 0.3623046875 0.4716796875 0.029296875 0.029296875
0 0.3876953125 0.4365234375 0.037109375 0.033203125
0 0.8740234375 0.2041015625 0.056640625 0.0703125
0 0.8125 0.3251953125 0.04296875 0.056640625