0 0.4599609375 0.7802734375 0.12109375 0.1640625
0 0.232421875 0.5908203125 0.109375 0.033203125
0 0.7607421875 0.5556640625 0.080078125 0.0703125
0 0.3466796875 0.6904296875 0.08203125 0.033203125
0 0.7685546875 0.2236328125 0.0625 0.05859375
0 0.677734375 0.4970703125 0.033203125 0.02734375
0 0.6806640625 0.486328125 0.037109375 0.033203125
0 0.6337890625 0.45703125 0.02734375 0.025390625
0 0.6044921875 0.4248046875 0.033203125 0.029296875
0 0.0966796875 0.2451171875 0.05078125 0.064453125
0 0.1708984375 0.3583984375 0.037109375 0.052734375