0 0.068359375 0.681640625 0.13671875 0.13671875
0 0.076171875 0.65625 0.15234375 0.13671875
0 0.2373046875 0.58203125 0.14453125 0.134765625
0 0.4462890625 0.498046875 0.201171875 0.1875
0 0.4150390625 0.3642578125 0.177734375 0.16796875
0 0.4296875 0.3388671875 0.15625 0.146484375
0 0.6171875 0.3076171875 0.138671875 0.142578125
0 0.6376953125 0.259765625 0.109375 0.111328125
0 0.7451171875 0.4267578125 0.16015625 0.171875
0 0.921875 0.4482421875 0.115234375 0.111328125
0 0.87890625 0.4423828125 0.09765625 0.095703125
0 0.7001953125 0.443359375 0.099609375 0.107421875
0 0.71875 0.2001953125 0.025390625 0.021484375