0 0.0625 0.48828125 0.115234375 0.25
0 0.0078125 0.7841796875 0.015625 0.193359375
0 0.548828125 0.544921875 0.08984375 0.208984375
0 0.2314453125 0.341796875 0.04296875 0.123046875
0 0.787109375 0.171875 0.146484375 0.068359375
0 0.8017578125 0.7705078125 0.123046875 0.052734375
0 0.5341796875 0.8681640625 0.109375 0.052734375
0 0.6484375 0.908203125 0.09375 0.041015625
0 0.748046875 0.9423828125 0.080078125 0.03515625
0 0.380859375 0.3759765625 0.021484375 0.052734375
0 0.3642578125 0.4638671875 0.017578125 0.021484375
0 0.4208984375 0.5029296875 0.0234375 0.0390625
0 0.4765625 0.46875 0.03125 0.048828125
0 0.498046875 0.3095703125 0.0234375 0.01953125
0 0.7275390625 0.0810546875 0.01171875 0.015625
0 0.8505859375 0.1318359375 0.017578125 0.017578125
0 0.9443359375 0.224609375 0.111328125 0.0625
0 0.0419921875 0.248046875 0.025390625 0.03125
0 0.029296875 0.255859375 0.02734375 0.03125
0 0.056640625 0.2880859375 0.029296875 0.03125
0 0.833984375 0.8857421875 0.0234375 0.033203125