0 0.9296875 0.6884765625 0.140625 0.134765625
0 0.921875 0.6650390625 0.15625 0.134765625
0 0.76171875 0.5869140625 0.142578125 0.1328125
0 0.5537109375 0.4990234375 0.19921875 0.185546875
0 0.5869140625 0.365234375 0.17578125 0.166015625
0 0.5732421875 0.3408203125 0.154296875 0.14453125
0 0.38671875 0.3056640625 0.13671875 0.140625
0 0.3662109375 0.2578125 0.109375 0.111328125
0 0.255859375 0.421875 0.158203125 0.169921875
0 0.0791015625 0.44140625 0.115234375 0.109375
0 0.1220703125 0.435546875 0.09765625 0.095703125
0 0.30078125 0.439453125 0.099609375 0.107421875
0 0.287109375 0.1962890625 0.0234375 0.021484375