0 0.67578125 0.7646484375 0.162109375 0.171875
0 0.5546875 0.580078125 0.16796875 0.171875
0 0.439453125 0.4072265625 0.16015625 0.1640625
0 0.37890625 0.4140625 0.158203125 0.166015625
0 0.328125 0.439453125 0.146484375 0.15625
0 0.32421875 0.2353515625 0.158203125 0.166015625
0 0.822265625 0.8974609375 0.02734375 0.041015625
0 0.8505859375 0.9951171875 0.037109375 0.009765625
0 0.849609375 0.9814453125 0.013671875 0.017578125
0 0.6318359375 0.205078125 0.068359375 0.07421875
0 0.1318359375 0.3525390625 0.07421875 0.046875
0 0.7470703025 0.6357420875 0.078025 0.095703025
0 0.5205078025 0.38670875 0.077734375 0.062009375
0 0.73046875 0.700070875 0.00546875 0.083984375
0 0.8232420875 0.625 0.0070875 0.030859375