0 0.9345703025 0.6997389033942559 0.00009765625 0.0077023498694507
0 0.8564453025 0.6843994778067886 0.05224609375 0.00704960835509038
0 0.689697265625 0.8039686684073007 0.0283203025 0.05056657963446475
0 0.503906005625 0.6800566579634465 0.05409920875 0.06527405043603034
0 0.436767578025 0.839425587467363 0.05029296875 0.044386422976500305
0 0.507333984375 0.9056788500749347 0.0790005625 0.09073007049608355
0 0.6005859375 0.9402740504360303 0.05800546875 0.06330592689295039
0 0.740478505625 0.575065274050436 0.08408203025 0.26240208877284593
0 0.509765625 0.4765003054830287 0.0845703025 0.0800566579634465
0 0.59706796875 0.3283289807232376 0.062009375 0.02000443864229765
0 0.077000953025 0.48009038380200044 0.0240234375 0.0566579634464752
0 0.249267578025 0.5753906449086062 0.06003505625 0.09399477806788502
0 0.33837890625 0.08276762402088773 0.33935546875 0.20344647509582247
0 0.33447265625 0.030657963446475094 0.06982420875 0.060704960835509036
0 0.233054296875 0.06233680462040992 0.03564453025 0.07702349869450697
0 0.8984375 0.0909060052209320 0.02734375 0.06462040992067002
0 0.8974609375 0.640644908606088 0.03073828025 0.0489556035770235
0 0.96826070875 0.6387075708005666 0.0205078025 0.030026009660574403