0 0.90966796875 0.2202793733680462 0.00888670875 0.02402088772845953
0 0.833984375 0.25097900227054046 0.0625 0.00422976500305483
0 0.655029296875 0.0537206266308538 0.033203025 0.05548302872062663
0 0.4950070875 0.3090906005220932 0.0595703025 0.0737597900227054
0 0.402099609375 0.07558746736292427 0.0537009375 0.05287206266308538
0 0.474853505625 0.09497389033942559 0.08642578025 0.0030330592689295
0 0.5537009375 0.04503906449086062 0.06298828025 0.07245430809399478
0 0.73046875 0.3808746736292428 0.20703025 0.2904699738903394
0 0.500962890625 0.5205404699738904 0.09873046875 0.20008276762402088
0 0.604003670875 0.6507624020887729 0.0708984375 0.0475095822454308
0 0.082373046875 0.5799608355090384 0.03720703025 0.0762402088772846
0 0.24365234375 0.4722584856396867 0.0693359375 0.0030330592689295
0 0.373046875 0.8443200488250653 0.353505625 0.27209320048825065
0 0.385009765625 0.97900227054047 0.07470703025 0.04077545690906005
0 0.28025 0.9709530026009660 0.04296875 0.058093994778067884
0 0.926503670875 0.7300704960835509 0.033203025 0.06788500749347259
0 0.878662009375 0.2859007832898072 0.0360328025 0.05352480407754569
0 0.949462890625 0.2754569090600522 0.0234375 0.03328980723237598