0 0.5556912554958476 0.3520278833967047 0.023937469467513434 0.025982256020278833
0 0.8060576453346361 0.4090621039290241 0.020029311187103077 0.023447401774397972
0 0.8128969223253542 0.1720532319391635 0.022960429897410845 0.030418250950570342
0 0.8556424035173424 0.07351077313054499 0.008793356130923302 0.009505703422053232
0 0.8700979970688813 0.07509505703400054 0.019050071617000488 0.017110066159695818
0 0.844162188568637 0.6270595690747782 0.020029311187103077 0.031685678073510776
0 0.7442598925256473 0.726552598225602 0.018563751831949193 0.023447401774397972
0 0.6138251099169516 0.8333333333333334 0.015632633121641426 0.01394169835234474
0 0.23790903530998045 0.960660329530052 0.00258905486077086 0.07667934093789606
0 0.00553492906463006 0.867553865652725 0.06448460062677088 0.07350077303054499
0 0.4736099306072300 0.9700660329530052 0.05029457743038593 0.057667934093789605
0 0.5723009281875916 0.673637515842839 0.006839276990718124 0.008871989860583017