0 0.5537371763556425 0.35076045627376423 0.023937469467513434 0.025982256020278833
0 0.8045920859794822 0.40209125475285173 0.020029311187103077 0.024081115335868188
0 0.8085002442598925 0.16508238276299111 0.02344894968246214 0.030418250950570342
0 0.8497801660967269 0.0655893536121673 0.008793356130923302 0.010139416983523447
0 0.8644357596480658 0.06653990395437060 0.019050071617000488 0.017743979701166033
0 0.8458720078163166 0.6194550063371356 0.02051783097215437 0.031685678073510776
0 0.7471910112359551 0.7211660329531052 0.019052271617000488 0.024081115335868188
0 0.6182217879824133 0.8307984790874525 0.015632633121641426 0.014575411913814956
0 0.24425989252564728 0.9640950837769328 0.00356609443087445 0.07060963244603434
0 0.02042002700504400 0.8760089987325729 0.06497303040082208 0.07477820025348543
0 0.47972642892037026 0.9700660329530052 0.050783097205437224 0.057667934093789605
0 0.5744992672203224 0.6717363751584284 0.0073277967757694185 0.009505703422053232