0 0.9606500968734733 0.6077303054499366 0.04298974008450392 0.07034220532309392
0 0.5429897400845039 0.5842839036755386 0.02799208368343908 0.09949302905082382
0 0.34929064630067564 0.5057034220532309 0.0806057645334636 0.05272496830432092
0 0.25058768930040673 0.835234474007744 0.04592085979482069 0.07667934093789606
0 0.05657059000893992 0.7927756653992395 0.00200063507572056 0.00709759088846642
0 0.08450392280387396 0.7243346007604563 0.050783097205437224 0.004702054626009
0 0.05730337078650685 0.6050090004068440 0.05900089399020664 0.09025475285070003
0 0.04469956033209345 0.5377059569074778 0.05569025549584758 0.07224334600760456
0 0.084904738640905 0.40525982256020276 0.00356609443087445 0.02990028000039406
0 0.08622374206055349 0.4070609632446034 0.07620908646800095 0.0982256020278834
0 0.24572545088080007 0.28390367553865653 0.0084503922803874 0.00836500900040684
0 0.05207390304347827 0.27724968304320924 0.046409379579872984 0.05576679340937896