0 0.33203025 0.04993472584856397 0.08054296875 0.06005220932004883
0 0.24950070875 0.2748040775456909 0.04052734375 0.04077545690906005
0 0.364500953025 0.4970626630853786 0.05322265625 0.07702349869450697
0 0.252685546875 0.6035770234986945 0.037009375 0.07049608355090384
0 0.096044920875 0.502402088772846 0.07373046875 0.0022705404699739
0 0.0630859375 0.4043733680462040 0.0507578025 0.08224543080939947
0 0.423095703025 0.0860303305926893 0.2099609375 0.26566579634464754
0 0.5066005625 0.4849869450697028 0.04892578025 0.2590383802000444
0 0.609384765625 0.35574402532637073 0.0025390625 0.2245430809399478
0 0.542236328025 0.9097027937336804 0.02548828025 0.06057440253263707
0 0.4658203025 0.8407300704960835 0.07470703025 0.08877284595300260
0 0.75048828025 0.6876630853785900 0.0875 0.466700082767624
0 0.863525390625 0.6795039064490860 0.05026953025 0.097900227054047
0 0.849365234375 0.8072323759790022 0.06005859375 0.05352480407754569