0 0.9480598958333334 0.23042968750000004 0.023280250000000042 0.02540364583333332
0 0.9562499999999999 0.22364583333333332 0.004661458333333239 0.0039453124999999645
0 0.9098828125 0.2287069791666666 0.0005286458000000806 0.002825520800000054
0 0.9460937500000001 0.03578105000000005 0.004648437499999917 0.0045180091666667005
0 0.5823697906666667 0.28037760406666674 0.06946604583333337 0.03207030250000004
0 0.027994790666666668 0.062009375 0.055989583333333336 0.07942708333333333
0 0.0966796875 0.42047035406666665 0.03393229066666667 0.050927083333333325
0 0.00009374999999999 0.5352083333333334 0.04025000000000000 0.035559895833333265
0 0.20690004066666668 0.65796875 0.046354066666666696 0.06885406666666666
0 0.5936067708333334 0.6269270833333334 0.04802500000000005 0.08004322906666660
0 0.8772395833333334 0.8079807708333333 0.062087499999999986 0.03828025000000005
0 0.4508463540666667 0.874040625 0.07402343750000002 0.08804687500000005
0 0.025780250000000002 0.8453505625 0.050562500000000004 0.08579427083333346
0 0.5721744791666666 0.22109022916666662 0.008580729166666709 0.007040749999999982
0 0.010151041666666667 0.1002470958000000 0.0110671875 0.00900645800000000
0 0.09805907500000001 0.4006979166666667 0.002056770800000006 0.0009450124999999645
0 0.09498697916666667 0.5080008541666666 0.0068489580000000215 0.011848958000000062
0 0.20615885416666668 0.6020052080000000 0.004622095800000048 0.009006458000000405
0 0.5902470958000000 0.5900460541666667 0.007404895800000081 0.008460541666666666
0 0.87921875 0.756171875 0.00858072916666656 0.010156249999999941
0 0.42940104166666665 0.8007760416666667 0.007408854166666708 0.006210907499999976
0 0.0078125 0.8069661458000004 0.005104166666666667 0.00790064580000025
0 0.5501484375 0.00401875000000005 0.005740187499999958 0.010709166666666679
0 0.0000833333333333333 0.13983070916666664 0.004153645833333334 0.007903645833333305
0 0.08765604999999999 0.4079096875 0.004583333333333346 0.010156049999999941
0 0.10458333333333330 0.5476300083333333 0.004596354166666668 0.006010937499999976
0 0.19911458333333330 0.6404479166666667 0.006300083333333301 0.007343749999999980
0 0.0004348958333333336 0.8019070833333333 0.0034505008333333337 0.0073437500000001306
0 0.4175500833333333 0.8411197916666667 0.004003437500000040 0.009596354166666504
0 0.5761458333333334 0.6009635416666667 0.007408854166666738 0.011089060499999947
0 0.85609375 0.7646354166666667 0.009687500000000071 0.010156049999999941
0 0.8941927083333333 0.8823177083333333 0.007994791666666798 0.006210937499999976
0 0.6131119791666667 0.6624869791666667 0.004596354166666631 0.0067708333333333925
0 0.6080338541666667 0.34161458333333333 0.011367187500000023 0.00282552083333328
0 0.04899739583333334 0.19740885416666668 0.007395833333333324 0.005638020833333313
0 0.10881510416666666 0.44235677083333336 0.006276041666666658 0.009036458333333405
0 0.12631510416666666 0.5230729166666667 0.007408854166666663 0.0045182291666667025
0 0.23608072916666667 0.6881640625 0.004596354166666631 0.006210937499999976
0 0.04674479166666667 0.8826041666666667 0.006263020833333337 0.005638020833333239
0 0.48044270833333336 0.9116666666666666 0.008059895833333405 0.009596354166666524