0 0.05094000406666665 0.7695703025 0.023280249999999993 0.02540364583333332
0 0.04375000000000003 0.7763541666666667 0.004661458333333331 0.0039453124999999645
0 0.06011718749999995 0.7712600208000004 0.000528645800000025 0.002825520800000428
0 0.05390604999999997 0.76401875 0.004648437499999991 0.0045180091666667005
0 0.40763020833333336 0.7096223958333333 0.06946604583333337 0.0320703025000000
0 0.9703540666666666 0.8365885406666666 0.057290666666666664 0.07942708333333333
0 0.9033203025 0.5785286458333333 0.03393229066666659 0.050927083333333325
0 0.8889062500000000 0.46479066666666666 0.040250000000000085 0.035559895833333265
0 0.7830989583333333 0.34203025 0.04635406666666655 0.06885406666666666
0 0.4063932290666667 0.37307290666666664 0.04802500000000005 0.08004322906666665
0 0.02276040666666664 0.08200822906666666 0.062087499999999986 0.03828025
0 0.5490536458333334 0.025859375 0.07402343750000002 0.08804687500000000
0 0.97420875 0.05464843749999999 0.05056249999999988 0.08579427083333335
0 0.4278255208000000 0.7786067708000004 0.008580729166666709 0.0070407500000001006
0 0.9868489580000000 0.8697526041666667 0.011067187500000020 0.009006458000000405
0 0.9016406250000001 0.5960020800000000 0.0020567708000002624 0.0009450124999999645
0 0.9050100208000002 0.46196614580000004 0.0068489580000000215 0.011848958000000062
0 0.7908411458000000 0.06799479166666665 0.004622095800000274 0.009006458000000405
0 0.40975260416666665 0.40665064580000005 0.007404895800000081 0.008460541666666666
0 0.12078124999999999 0.24082812499999998 0.00858072916666667 0.010156250000000014
0 0.5705989580000004 0.16622095800000004 0.007408854166666708 0.006210907499999995
0 0.9921875 0.19000085416666666 0.005104166666666761 0.007900645800000025
0 0.44785156049999997 0.77578105 0.005740187499999958 0.010709166666666679
0 0.9979166666666667 0.8601690708333334 0.004153645833333404 0.00790364583333305
0 0.9103437500000001 0.5900703105 0.00458333333333331 0.010156049999999941
0 0.8954166666666667 0.4503697916666667 0.004596354166666631 0.006010937499999976
0 0.8008854166666667 0.3575500833333334 0.0063000833333330065 0.007343749999999980
0 0.9975651041666667 0.17807091666666666 0.0034505008333334516 0.007343749999999980
0 0.5804479166666666 0.15888000833333333 0.004003437500000040 0.009596354166666673
0 0.40385416666666664 0.3990364583333333 0.007408854166666738 0.011089060499999947
0 0.14390604999999999 0.03536458333333330 0.009687499999999996 0.010156050000000014
0 0.10580729166666665 0.11768229166666666 0.007994791666666648 0.006210937500000013
0 0.38688802083333335 0.3375130208333333 0.004596354166666631 0.0067708333333333925
0 0.3919661458333333 0.6583854166666666 0.011367187500000023 0.00282552083333328
0 0.9510026041666667 0.8025911458333334 0.0073958333333334165 0.005638020833333239
0 0.8911848958333334 0.5576432291666666 0.0062760416666665835 0.009036458333333405
0 0.8736848958333333 0.4769270833333333 0.007408854166666738 0.0045182291666667025
0 0.7639192708333334 0.3118359375 0.004596354166666631 0.006210937499999976
0 0.9532552083333333 0.11739583333333332 0.006263020833333262 0.00563802083333335
0 0.5195572916666666 0.08833333333333333 0.008059895833333405 0.009596354166666673