0 0.8002009375 0.30406666666666665 0.0078025 0.006484375
0 0.8076953124999999 0.31971354166666666 0.0038411458333333336 0.0033854166666666668
0 0.7945052080000000 0.01079427080000000 0.002057291666666667 0.0007600208000000005
0 0.7976041666666666 0.3079407083333333 0.0003307091666666667 0.00171875
0 0.7700458333333333 0.3027734375 0.005429687499999999 0.006263020833333332
0 0.7757552083333333 0.29747395833333334 0.003203125 0.0023567708333333335
0 0.7722265625000001 0.0079427080000000 0.0027604166666666667 0.0029296875
0 0.7658003104999999 0.3048177083333333 0.000578105 0.0001874999999999998
0 0.07928385406666667 0.767420875 0.009040625 0.000432290666666665
0 0.18033854166666666 0.7639583333333334 0.0027604166666666667 0.0015885416666666667
0 0.18102812499999998 0.7704296875000001 0.0026402291666666666 0.001950125
0 0.176640605 0.7694401041666666 0.0007013541666666666 0.0000065605