0 0.8002009375 0.6858333333333334 0.007802500000000082 0.006484375000000007
0 0.8076953124999999 0.6802864583333333 0.0038411458333333925 0.0033854166666665484
0 0.7945052080000000 0.6892057291666666 0.002057291666666572 0.0007600208000004606
0 0.7976041666666666 0.6900570916666666 0.0003307091666666194 0.0017187499999999170
0 0.7700458333333333 0.6972265625 0.005429687499999880 0.006263020833333346
0 0.7757552083333333 0.7025260416666667 0.0032031250000000475 0.0023567708333332624
0 0.7722265625000001 0.6920572916666666 0.0027604166666665244 0.0029296875
0 0.7658003104999999 0.6951800916666667 0.0005781050000000035 0.000187500000000083
0 0.07928385406666667 0.232578025 0.009040624999999977 0.00043229066666663
0 0.18033854166666666 0.23604166666666662 0.0027604166666666727 0.0015885416666667023
0 0.18102812499999998 0.22957001249999990 0.002640229166666601 0.001950125
0 0.176640605 0.0305598958333334 0.000701354166666634 0.0000065604999999734