0 0.274609375 0.7220875 0.0755598958333334 0.28738280250000003
0 0.20550781250000005 0.849140625 0.02582031249999998 0.024179687499999918
0 0.05151041666666666 0.5947786458000004 0.009101562500000012 0.010204075000000018
0 0.3338411458333333 0.5873307091666666 0.010963541666666651 0.010034375000000018
0 0.2938540666666666 0.09484374999999998 0.02255208333333334 0.09950822906666668
0 0.345 0.15485677083333335 0.012825520833333362 0.01394531250000001
0 0.2408460541666667 0.2199609075 0.010950520800000066 0.01580729166666665
0 0.0500050083333333 0.03484375000000000 0.014674479166666643 0.010034375000000018
0 0.8280380208333333 0.43572906666666667 0.05890927083333326 0.07533854066666669
0 0.7565234375 0.4087630208333333 0.013828124999999858 0.01953125
0 0.8990708333333334 0.44901875 0.009005709166666584 0.014880810499999934
0 0.8904296875000001 0.4664192708000000 0.010854166666666798 0.010204075000000018
0 0.9522786458333333 0.7989092708333334 0.09004066666666676 0.00044270833333346
0 0.9127604166666666 0.7556770833333334 0.010130208333333298 0.01209635416666662
0 0.9890104166666666 0.8426002080000004 0.0064192708000004165 0.007404895800000081
0 0.9936588541666667 0.8068009166666666 0.0064190708333334165 0.013000833333333334