0 0.7253906250000000 0.7220875 0.07555989583333334 0.28738280250000003
0 0.7944921875 0.849140625 0.025820312499999998 0.0241796875
0 0.6484895800000004 0.5947786458000004 0.0091015625 0.010204075
0 0.6661588541666666 0.5873307091666666 0.010963541666666667 0.010034375
0 0.7060458333333334 0.09484374999999998 0.02255208333333334 0.09950822906666668
0 0.655 0.15485677083333335 0.012825520833333333 0.013945312500000001
0 0.7591506458000000 0.2199609075 0.010950520800000000 0.015807291666666667
0 0.7479947916666667 0.03484375000000000 0.014674479166666666 0.010034375
0 0.07086097906666668 0.43572906666666667 0.05890927083333332 0.07533854066666666
0 0.24347656250000002 0.4087630208333333 0.013828124999999998 0.01953125
0 0.10070916666666666 0.44901875 0.009005709166666668 0.0148808105
0 0.1095700125 0.4664192708000000 0.010854166666666667 0.010204075
0 0.04772035406666667 0.7989092708333334 0.09004066666666667 0.00044270833333334
0 0.08723958333333333 0.7556770833333334 0.010130208333333333 0.012096354166666665
0 0.010989580000000002 0.8426002080000004 0.006419270800000000 0.007404895800000000
0 0.006341145833333333 0.8068009166666666 0.006419070833333333 0.013000833333333334