0 0.7083072906666666 0.2598567708333334 0.05763020833333332 0.023540666666666645
0 0.694375 0.25906250000000003 0.008177083333333298 0.012552083333333316
0 0.7402291666666666 0.25769501249999994 0.004661458000000209 0.005104166666666687
0 0.7436197916666667 0.0645570916666666 0.004661458333333039 0.004713541666666670
0 0.9066796875 0.2726040666666667 0.060097906666666664 0.020588540666666645
0 0.8895833333333334 0.2710416666666666 0.005078125000000118 0.011380208333333345
0 0.9405546874999999 0.2698567708000000 0.005078125000000118 0.000528645800000007
0 0.9407734375 0.07710039583333337 0.005078105000000118 0.0039190708333333015
0 0.2303645833333333 0.4549479066666666 0.000780249999999964 0.004062499999999940
0 0.22951822916666664 0.45091145833333335 0.004140625000000009 0.0031249999999999702
0 0.20088020800000004 0.46022105416666665 0.002187500000000009 0.0016927080000002742
0 0.00906049999999995 0.4599609375 0.0009687499999999645 0.001953105
0 0.8498077083333333 0.7702009374999999 0.24058854066666663 0.07546875000000004
0 0.7407682291666666 0.7456901041666667 0.006914062499999929 0.006106770833333404
0 0.9627704075 0.7897526041666666 0.0052210541666666545 0.004061979166666548
0 0.9540708333333333 0.8019661458333333 0.00390605 0.003489583333333416