0 0.2806927083333333 0.2598567708333334 0.05763020833333332 0.023540666666666645
0 0.305625 0.25906250000000003 0.008177083333333298 0.012552083333333316
0 0.25677080000000004 0.25769501249999994 0.004661458000000010 0.005104166666666687
0 0.05638000833333336 0.0645570916666666 0.004661458333333313 0.004713541666666670
0 0.08332030250000000 0.2726040666666667 0.06009790666666668 0.020588540666666645
0 0.11041666666666666 0.2710416666666666 0.005078125000000007 0.011380208333333345
0 0.056445012500000004 0.2698567708000000 0.005078125000000007 0.000528645800000007
0 0.0570065605 0.07710039583333337 0.005078105000000007 0.0039190708333333015
0 0.7696354066666667 0.4549479066666666 0.000780249999999964 0.004062499999999940
0 0.7704817708333334 0.45091145833333335 0.004140625000000083 0.0031249999999999702
0 0.7661197916666667 0.46022105416666665 0.002187500000000080 0.0016927080000002742
0 0.7709375 0.4599609375 0.0009687499999999645 0.001953105
0 0.05008229066666666 0.7702009374999999 0.24058854066666668 0.07546875000000004
0 0.2592317708333333 0.7456901041666667 0.006914062500000003 0.006106770833333404
0 0.0072265625 0.7897526041666666 0.005221054166666664 0.004061979166666548
0 0.04570916666666666 0.8019661458333333 0.00390605 0.003489583333333416