0 0.6048697906666667 0.24537760406666665 0.006809895833333335 0.006409270833333333
0 0.6090755208333333 0.2501302083333333 0.00234375 0.0025911458333333333
0 0.6045440708333334 0.0400994791666667 0.0014713541666666666 0.0003697916666666667
0 0.5994661458000004 0.2447265625 0.0025520800000000000 0.0000208000000000000
0 0.53505625 0.6959505208333333 0.025706045833333332 0.007330729066666666
0 0.5456640625 0.6958203125 0.0022005208333333334 0.0037109375000000003
0 0.508984375 0.6909765605 0.0034375 0.0030161458333333334
0 0.5002080000000000 0.7002704074999999 0.0024479166666666664 0.0002161458000000004
0 0.5024869790666667 0.7349739583333333 0.007578025 0.003723958333333333
0 0.5087760416666667 0.7352213541666667 0.0023046875 0.0028515625
0 0.5004166666666666 0.73109375 0.0030859375 0.0008515605
0 0.5005468750000001 0.7070046875 0.002825520800000000 0.0028515625
0 0.7880770833333334 0.8625900458333334 0.03069270833333333 0.006340045833333334
0 0.8019921874999999 0.8625911458333334 0.0026171874999999997 0.0019270833333333334
0 0.7765034375 0.8570570916666667 0.0006171874999999997 0.0014453105000000000
0 0.7772095800000000 0.8669140624999999 0.0026171874999999997 0.0014450125000000002