0 0.3950302083333333 0.24537760406666665 0.006809895833333293 0.00640927083333335
0 0.39092447916666667 0.2501302083333333 0.002343749999999941 0.002591145833333345
0 0.39545570916666666 0.0400994791666667 0.0014713541666666607 0.0003697916666666576
0 0.4005008541666667 0.2447265625 0.0025520800000000806 0.0000208000000000246
0 0.46484375 0.6959505208333333 0.025706045833333332 0.007330729066666597
0 0.4543359375 0.6958203125 0.0022005208333334045 0.0037109374999998814
0 0.471015605 0.6909765605 0.0034374999999999800 0.003016145833333369
0 0.46979166666666666 0.7002704074999999 0.0024479166666666607 0.000216145800000069
0 0.4975030208333333 0.7349739583333333 0.007578025 0.003723958333333286
0 0.4912239583333333 0.7352213541666667 0.0023046874999999765 0.002851562500000071
0 0.4995833333333333 0.73109375 0.0030859375000000058 0.000851560500000071
0 0.499450125 0.7070046875 0.00282552080000028 0.002851562500000071
0 0.2008229066666666 0.8625900458333334 0.0306927083333333 0.006340045833333275
0 0.19800781250000007 0.8625911458333334 0.002617187499999988 0.001927083333333357
0 0.0034765605 0.8570570916666667 0.000617187499999988 0.0014453104999998697
0 0.2227604166666667 0.8669140624999999 0.002617187499999988 0.0014450124999998697