0 0.3248307290666667 0.5466045833333333 0.042929687500000036 0.05069270833333339
0 0.30829427083333333 0.5241927083333333 0.003880208333333357 0.004140624999999935
0 0.041640625 0.5620007291666667 0.004752604166666607 0.005010020800000060
0 0.335859375 0.56734375 0.004531050000000004 0.0037109375000000098
0 0.026040666666666668 0.5950520833333334 0.052083333333333336 0.07290666666666667
0 0.04620697916666666 0.6105677080000004 0.005026041666666666 0.0058200125000000055
0 0.03738081050000005 0.6065364583333334 0.006036979166666666 0.0036308104999999505
0 0.0017838541666666725 0.5770052083333334 0.0014322916666666668 0.0042187500000000116
0 0.08386708749999995 0.8080900040666667 0.05490885406666668 0.052955729066666764
0 0.062460937500000036 0.7891145833333333 0.0033203124999999964 0.0038151041666667496
0 0.10578125000000001 0.8204296875 0.000776041666666674 0.004904895800000286
0 0.09635416666666667 0.8300994791666666 0.006008645833333308 0.003593749999999988
0 0.5976692708333333 0.6204973958333333 0.05840045833333335 0.09683593750000000
0 0.5832161458333334 0.5760286458333334 0.005091145833333292 0.0026302083333333095
0 0.6171484075 0.6620046874999999 0.0006067708000000095 0.004257812499999976
0 0.606796875 0.663984375 0.0040187500000000116 0.00518009166666669
0 0.7340755208333333 0.9509765625000000 0.055989583333333336 0.09744790666666656
0 0.7269270833333333 0.9065234375000001 0.006354166666666809 0.0048697916666666785
0 0.75921875 0.9966506458000000 0.0021484075000001186 0.0006588541666665955
0 0.7464973958333333 0.9960369791666666 0.0039190708333333015 0.0036588541666665955