0 0.2577473958333334 0.06470052083333333 0.02024999999999999 0.02243489583333334
0 0.25173177083333337 0.05677083333333333 0.004257812499999976 0.004309895833333337
0 0.0655598958333334 0.06684895833333333 0.000903645833333357 0.0031770833333333304
0 0.25207001250000006 0.07274709580000000 0.0005807291666666665 0.0006197916666666680
0 0.36787760406666665 0.08505625 0.008025000000000002 0.008064062499999977
0 0.36617187500000004 0.18299479166666666 0.0029166666666666785 0.0020442708333333246
0 0.3704817708333333 0.18674479166666666 0.0015494791666667378 0.000701354166666634
0 0.0658000000000000 0.18718749999999998 0.0026822916666665955 0.002265625000000012
0 0.20947906666666666 0.6969270833333333 0.008997395833333366 0.00027343750000003
0 0.20947916666666666 0.7001041666666666 0.003138020833333366 0.001953125
0 0.21101510416666660 0.6908671875 0.0000720958000000006 0.002695012499999917
0 0.00716145833333335 0.6940317708333333 0.0003958333333333006 0.0004479166666668086