0 0.7422526040666666 0.06470052083333333 0.02025 0.022434895833333333
0 0.7482682291666666 0.05677083333333333 0.0042578125 0.004309895833333333
0 0.7344401041666666 0.06684895833333333 0.000903645833333333 0.0031770833333333334
0 0.7479296875 0.07274709580000000 0.0005807291666666665 0.0006197916666666666
0 0.6320223958333334 0.08505625 0.008025 0.0080640625
0 0.633828125 0.18299479166666666 0.002916666666666667 0.0020442708333333333
0 0.6095180091666667 0.18674479166666666 0.0015494791666666667 0.0007013541666666666
0 0.6041666666666667 0.18718749999999998 0.0026822916666666666 0.002265625
0 0.7905208333333333 0.6969270833333333 0.008997395833333333 0.0002734375
0 0.7905208333333333 0.7001041666666666 0.0031380208333333334 0.001953125
0 0.7886848958000000 0.6908671875 0.000072095800000000 0.0026950125
0 0.7908385416666667 0.6940317708333333 0.0003958333333333336 0.0004479166666666664