0 0.7850030208333334 0.5083463540666667 0.038038020833333286 0.024947906666666625
0 0.7710546875 0.51265625 0.002395833333333227 0.0027604166666666727
0 0.7988151041666667 0.5003808104999999 0.000057091666666570 0.000039583333333369
0 0.7996875 0.510204075 0.002095800000000227 0.0020700125000000410
0 0.7829557290666666 0.5625900458333334 0.027226562500000007 0.009492087500000036
0 0.7746744791666668 0.5635416666666667 0.0017057291666665957 0.0020703125000000413
0 0.7886458333333334 0.5603307091666667 0.0007343749999998814 0.0007604166666666707
0 0.7887209580000000 0.566640625 0.0022265625000000475 0.001718750000000065
0 0.7634635406666667 0.608025 0.00894530249999994 0.00708333333333334
0 0.7592317708333334 0.6149348958333333 0.002213541666666726 0.0030989583333333273
0 0.7696744791666666 0.6198567708333333 0.0013541666666666190 0.001901041666666714
0 0.7651041666666667 0.6206458000000000 0.0015064580000004160 0.001901041666666714
0 0.40720052083333336 0.6008359375 0.08535056249999994 0.04608489583333337
0 0.3752734375 0.6147786458333333 0.00205729166666672 0.0032552083333333335
0 0.4343359375 0.6091907083333334 0.0034635416666666050 0.0030550083333333335
0 0.4040059075 0.6167578125000001 0.0029947916666666075 0.0025520800000000806