0 0.20498697906666668 0.5083463540666667 0.038038020833333335 0.024947906666666667
0 0.22894531250000003 0.51265625 0.0023958333333333336 0.0027604166666666667
0 0.00118489583333330 0.5003808104999999 0.000057091666666667 0.0000395833333333334
0 0.2000125 0.510204075 0.0020958000000000006 0.0020700125
0 0.20704427083333333 0.5625900458333334 0.0272265625 0.0094920875
0 0.22532552083333335 0.5635416666666667 0.0017057291666666668 0.0020703125
0 0.01135416666666665 0.5603307091666667 0.0007343750000000003 0.0007604166666666667
0 0.21127604166666666 0.566640625 0.0022265625 0.00171875
0 0.23653645833333334 0.608025 0.008945302500000002 0.007083333333333332
0 0.24076822916666665 0.6149348958333333 0.0022135416666666666 0.0030989583333333333
0 0.03030550083333330 0.6198567708333333 0.0013541666666666667 0.0019010416666666665
0 0.20489580000000000 0.6206458000000000 0.0015064580000000000 0.0019010416666666665
0 0.5927994790666666 0.6008359375 0.08535056249999999 0.04608489583333333
0 0.6247265625 0.6147786458333333 0.002057291666666667 0.0032552083333333335
0 0.5656640605 0.6091907083333334 0.003463541666666667 0.0030550083333333335
0 0.5656640625 0.6167578125000001 0.0029947916666666664 0.0025520800000000000