0 0.303046875 0.6783333333333333 0.00739583333333335 0.009765625
0 0.31915364583333333 0.6774609374999999 0.0030859375000000058 0.0038411458333333925
0 0.0067708000000000 0.6765885416666667 0.0027040750000000298 0.0020960541666665064
0 0.30658854166666666 0.6795570916666667 0.0003958333333333006 0.0004479166666668086
0 0.49440004066666665 0.29834635406666666 0.000757802499999964 0.009790666666666652
0 0.49265625 0.29196614583333336 0.003776041666666637 0.002552083333333307
0 0.49248697916666667 0.00457001249999994 0.0004605416666666252 0.0005156249999999850
0 0.4969661458333334 0.30441406049999997 0.0034635416666666050 0.003808104999999997
0 0.5477083333333334 0.05565004066666663 0.000480770833333274 0.009053645833333344
0 0.5469140625 0.14958333333333332 0.003776041666666637 0.003190104166666652
0 0.5467578125 0.16171875000000005 0.0021744791666666102 0.000190104166666652
0 0.5504096875 0.1610369791666667 0.0004999999999999467 0.0035156049999999853