0 0.8558723958333333 0.6773697906666667 0.03472656250000009 0.0545442708333334
0 0.8596354166666668 0.7496223958333333 0.012148437499999906 0.006015624999999858
0 0.8578776041666667 0.6080720958000004 0.004605416666666596 0.0065204074999999884
0 0.8435807091666667 0.6088800083333333 0.006130810500000047 0.007506041666666631
0 0.22763020833333333 0.06654947906666663 0.00983072906666669 0.08829427083333334
0 0.22763020833333333 0.20442708333333334 0.007291666666666696 0.00385416666666664
0 0.201484075 0.12867187500000007 0.005064580000000009 0.005794270800000019
0 0.0015605 0.13011718749999993 0.000955709166666643 0.005310500000000016
0 0.20880500406666668 0.06582030250000004 0.006940004066666654 0.08684895833333332
0 0.20881510416666668 0.20610677083333329 0.006328125000000018 0.0043359374999999796
0 0.21240489580000000 0.10011718749999990 0.00090625 0.004800729166666677
0 0.0007734375 0.1310807091666666 0.001979166666666643 0.005794070833333319
0 0.0895082290666667 0.06558593749999995 0.00886708750000000 0.08635406666666666
0 0.195546875 0.1298828125 0.0048697916666666785 0.004005907500000016
0 0.1830401875 0.1098808105 0.004388000833333339 0.006076041666666658
0 0.19071614583333332 0.2032161458333334 0.00873697916666664 0.0043359374999999796
0 0.07263020833333334 0.05472656250000005 0.000032802500000004 0.025090045833333328
0 0.17600260416666666 0.1612369791666667 0.0034244791666666607 0.004335937500000016
0 0.17402291666666666 0.14869791666666674 0.0029427080000000215 0.0024088541666666594
0 0.16949018749999997 0.1501430091666666 0.001000604166666643 0.004335937500000016