0 0.8067708333333333 0.7893609790666667 0.04279947906666652 0.06660458333333344
0 0.8048958333333333 0.8141536458333333 0.012851562499999858 0.013945312500000048
0 0.8040755208000000 0.7671614580000000 0.005104166666666761 0.008776041666666679
0 0.8188411458333333 0.7605130008333334 0.008703958333333393 0.009817708333333086
0 0.7269270833333333 0.8562369790666667 0.055082290666666806 0.054739583333333286
0 0.7080729166666666 0.8714713541666667 0.006119791666666726 0.009817708333333286
0 0.7504166666666666 0.8440619791666667 0.006119791666666726 0.010025520800000416
0 0.7403515605 0.8340364583333333 0.008710937500000071 0.0070065604999999405
0 0.7697786458333334 0.6006770833333334 0.0572526040666667 0.0335677083333333
0 0.7476302083333334 0.6144140625 0.006054687500000118 0.0057942708333333925
0 0.79028125 0.6200729166666666 0.006102812500000047 0.005677080000000051
0 0.79359375 0.6110630008333333 0.006130810500000047 0.006718749999999958
0 0.33340045833333335 0.7787760406666667 0.03759004583333334 0.08985677083333332
0 0.33005208333333336 0.8146614583333333 0.0091927083333333 0.013945312500000048
0 0.048125 0.7408200125 0.006090749999999905 0.010846054166666572
0 0.30979166666666665 0.7400390605000001 0.007643009166666670 0.010305500833333416
0 0.3927994790666667 0.7898828025 0.03037760406666672 0.0728025000000000
0 0.3999348958333333 0.7594270833333333 0.00713541666666669 0.0061979166666666545
0 0.08247095800000006 0.8169921875 0.005585907499999950 0.0072265624999999405
0 0.39053906050000004 0.8180810500000001 0.00713541666666669 0.009817708333333086
0 0.43720354066666665 0.7860026040666667 0.03450822906666666 0.09295572906666679
0 0.4423697916666667 0.7483072916666668 0.010768229166666643 0.015494791666666785
0 0.42687499999999995 0.8224088541666666 0.010755208000000021 0.010846054166666572
0 0.44365885416666667 0.8034505008333333 0.011076041666666605 0.010916666666666760
0 0.4958203025 0.7906500406666667 0.030900458333333346 0.00008229066666674
0 0.5009375 0.74859375 0.010768229166666643 0.013424479166666595
0 0.4860026041666667 0.8017057291666666 0.00819010416666662 0.010846054166666572
0 0.5045963541666666 0.8300065604999999 0.009018750000000053 0.011874999999999858