0 0.08322906666666667 0.2006380208333333 0.042799479066666675 0.0666045833333333
0 0.19510416666666666 0.1858463541666667 0.012851562500000005 0.013945312499999973
0 0.16592447916666667 0.20280854166666670 0.005104166666666669 0.008776041666666679
0 0.18115885416666666 0.03748697916666664 0.008703958333333318 0.00981770833333336
0 0.27307290666666667 0.04376302083333328 0.05508229066666666 0.05473958333333334
0 0.29192708333333334 0.12852864583333337 0.006119791666666652 0.009817708333333322
0 0.24958000000000005 0.1556080208000000 0.006119791666666652 0.010025520800000040
0 0.0596484375 0.16596354166666671 0.008710937499999996 0.007006560500000015
0 0.23022035406666667 0.3893229066666667 0.0572526040666667 0.0335677083333333
0 0.2523697916666667 0.3855859375 0.006054687499999971 0.0057942708333333925
0 0.20671874999999998 0.07692708000000006 0.006102812499999970 0.005677080000000051
0 0.00640605 0.38873697916666666 0.006130810499999973 0.006718749999999958
0 0.6665885406666667 0.2202239583333333 0.03759004583333334 0.08985677083333332
0 0.6699479166666666 0.18533854166666672 0.009192708333333263 0.013945312499999973
0 0.651875 0.2591796874999999 0.006090749999999905 0.010846054166666647
0 0.6700083333333334 0.0599609375 0.007643009166666599 0.010305500833333343
0 0.6072005208333333 0.2000070875 0.03037760406666672 0.07280250000000002
0 0.6000651041666667 0.24057291666666666 0.00713541666666669 0.0061979166666666545
0 0.6175260416666667 0.18000781249999995 0.005585907499999950 0.007226562500000015
0 0.6074609375 0.18171874999999993 0.00713541666666669 0.00981770833333336
0 0.5627864583333334 0.20399739583333335 0.03450822906666666 0.09295572906666665
0 0.5576302083333333 0.2516927083333333 0.010768229166666643 0.015494791666666638
0 0.570125 0.17759114580000002 0.010755208000000021 0.010846054166666647
0 0.5563411458333333 0.17654947916666670 0.011076041666666605 0.010916666666666687
0 0.5040796875 0.2093489583333333 0.030900458333333346 0.00008229066666666
0 0.49906249999999996 0.25140625000000005 0.010768229166666643 0.01342447916666667
0 0.5109970958000004 0.16829427080000004 0.00819010416666662 0.010846054166666664
0 0.49540364583333335 0.16777343750000004 0.009018750000000053 0.011875000000000005