0 0.4040755208333333 0.6729807708333333 0.0092578025 0.03606770833333333
0 0.4162109375 0.6871875 0.003515625 0.00265625
0 0.4109895800000000 0.661796875 0.0018880208000000000 0.0000859075
0 0.41560499999999997 0.6590838541666667 0.0011588541666666668 0.0000135416666666666
0 0.4206536458333333 0.6662760406666667 0.007044270833333334 0.0203025
0 0.42158854166666665 0.6745963541666667 0.0016015625 0.0016145833333333333
0 0.4195960541666667 0.6577470958000000 0.0014450125000000002 0.0014710541666666666
0 0.40308105 0.6576690708333333 0.0017447916666666668 0.0016145833333333333
0 0.4289453025 0.669453025 0.006600562500000000 0.03035406666666666
0 0.4293098958333333 0.6815885416666667 0.0032161458333333334 0.002942708333333333
0 0.42725260416666666 0.6560546875000001 0.0017447916666666668 0.0019140625
0 0.4305598958333334 0.6558984375 0.0001874999999999998 0.0005
0 0.43829427083333333 0.664375 0.000872395833333333 0.020097906666666667
0 0.4396875 0.6716536458333334 0.0036588541666666666 0.0030859375
0 0.4042447916666667 0.6564970958000000 0.0015885416666666667 0.0022105416666666666
0 0.4391796875 0.6563411458333334 0.0003307091666666667 0.0000135416666666666
0 0.22740885406666667 0.7093609790666667 0.037890625000000004 0.06026040666666667
0 0.21234375000000003 0.7455989583333333 0.0048177083333333336 0.004427083333333333
0 0.2020697916666667 0.6951002080000004 0.004088020800000000 0.00421875
0 0.04069010416666667 0.6979687499999999 0.0041796875 0.00484375
0 0.5943489583333333 0.942420875 0.0282420875 0.06096604583333334
0 0.5855208333333334 0.9693359375 0.0047786458333333335 0.0043749999999999995
0 0.5905416666666666 0.9150911458000000 0.0000208000000000000 0.002916666666666667
0 0.6011197916666667 0.9160499999999999 0.0033070916666666667 0.0043749999999999995