0 0.5859244790666667 0.3270082290666666 0.009257802500000008 0.03606770833333336
0 0.5837890625000001 0.3128125 0.003515625000000059 0.0026562500000000266
0 0.5890104166666666 0.008200125 0.0018880208000000925 0.0000859075000000058
0 0.584375 0.3407161458333334 0.001158854166666649 0.000013541666666706
0 0.5783463540666667 0.33372395833333335 0.007044270833333292 0.02030250000000003
0 0.5784114583333334 0.3254036458333333 0.0016015625000000238 0.0016145833333333452
0 0.5804006458000004 0.0422526041666667 0.0014450125000000178 0.0014710541666666607
0 0.5767187500000001 0.3403307091666667 0.001744791666666708 0.0016145833333333450
0 0.5700546875 0.330546875 0.006600562500000065 0.03035406666666668
0 0.5706901041666667 0.3184114583333333 0.003216145833333369 0.0029427083333333215
0 0.5727470958000000 0.0409450125 0.001744791666666708 0.0019140625000000055
0 0.5694401041666667 0.34410156049999996 0.0001874999999999347 0.0004999999999999467
0 0.5607057290666666 0.335625 0.000872395833333362 0.020097906666666632
0 0.5603125 0.32834635416666663 0.0036588541666665955 0.0030859375000000058
0 0.5657552080000004 0.04050260416666667 0.0015885416666667020 0.002210541666666726
0 0.5608003105 0.3436588541666667 0.0003307091666666194 0.000013541666666706
0 0.7725900458333333 0.2806380208333333 0.03789062499999988 0.06026040666666663
0 0.78765625 0.25440104166666666 0.0048177083333333925 0.004427083333333304
0 0.7676002080000000 0.00486979166666667 0.004088020800000191 0.0042187500000000116
0 0.7593098958333333 0.30003105000000003 0.004179687500000047 0.0048437500000000355
0 0.4056500406666667 0.057578025000000036 0.02824208750000007 0.06096604583333334
0 0.4144791666666667 0.03066406249999994 0.00477864583333328 0.0043749999999999995
0 0.40645800000000007 0.08490885416666671 0.0000208000000000980 0.0029166666666666785
0 0.3988800083333333 0.08375000000000006 0.0033070916666666194 0.004375000000000008