0 0.48703540666666665 0.6739453025 0.002009374999999940 0.008000979066666698
0 0.4909375 0.6806640625 0.0025781250000000235 0.0030208333333332504
0 0.48569010416666664 0.6672656250000001 0.0021744791666666102 0.0016145800000000452
0 0.4830338541666667 0.6695833333333333 0.0015755008333333808 0.000805500833333408
0 0.20300097906666668 0.8032552083333333 0.030377604066666645 0.026653645833333368
0 0.21300781250000003 0.7943098958333333 0.005260416666666694 0.004192708333333369
0 0.19078906250000005 0.8047786458000004 0.0000460541666666576 0.006090750000000080
0 0.19968750000000000 0.8110499999999999 0.005060416666666694 0.0045703104999999884
0 0.2683984375 0.6049208749999999 0.02390927083333334 0.02030500406666667
0 0.27677083333333324 0.5976822916666666 0.003359374999999979 0.0030468750000000413
0 0.25800729166666666 0.609296875 0.0022265624999999704 0.0004244791666666607
0 0.06154947916666665 0.613671875 0.003359374999999979 0.0000786458333333335
0 0.0553385406666666 0.6797265625 0.03227864583333334 0.02930989583333332
0 0.16865885416666662 0.6690625 0.004114583333333348 0.002669270833333274
0 0.14164062499999996 0.6875260416666666 0.0000460541666666576 0.0000468749999998904
0 0.14354166666666668 0.6915034375 0.005604999999999991 0.0034044791666668086
0 0.00400056249999999 0.57859375 0.028033854066666667 0.025039062500000025
0 0.12579427083333336 0.5695442708333334 0.0029947916666666816 0.003059895833333363
0 0.10067187500000001 0.5807069791666667 0.000268229166666655 0.004166666666666726
0 0.10701800916666674 0.5879036458333333 0.003068009166666655 0.0004999999999999467
0 0.002850562500000005 0.5427083333333333 0.02247395833333334 0.008909270833333297
0 0.021054687499999947 0.5358854166666667 0.0032812500000000016 0.003059895833333363
0 0.004505208000000081 0.547578125 0.002404895800000004 0.000059895800000060
0 0.00770833333333308 0.550078105 0.0030810499999999994 0.0004999999999999467