0 0.5028645833333333 0.32605468749999994 0.002009374999999940 0.008000979066666663
0 0.5090625 0.3193359375 0.0025781250000000235 0.0030208333333333246
0 0.5140098958000000 0.00270407499999997 0.0021744791666666102 0.0016145800000000452
0 0.5169661458333333 0.33041666666666664 0.0015755008333333808 0.000805500833333354
0 0.7968880208333333 0.0967447906666667 0.030377604066666572 0.026653645833333368
0 0.7869921875 0.2056901041666667 0.005260416666666619 0.004192708333333369
0 0.8062109075 0.1952210541666666 0.000046054166666584 0.006090750000000009
0 0.8003105 0.18875000000000006 0.005060416666666619 0.0045703104999999884
0 0.7306005625 0.395078025 0.02390927083333309 0.02030500406666667
0 0.7232291666666667 0.40231770833333336 0.0033593749999999054 0.0030468750000000413
0 0.7416927080000000 0.090700125 0.0022265625000000475 0.0004244791666666607
0 0.7384505008333333 0.38630810499999997 0.0033593749999999054 0.0000786458333333335
0 0.8446604583333334 0.32027343750000004 0.032278645833333286 0.02930989583333332
0 0.8313411458333334 0.33093749999999994 0.00411458333333344 0.002669270833333348
0 0.858059075 0.01247095800000006 0.000046054166666584 0.0000468749999999676
0 0.8564583333333333 0.30847656049999994 0.005604999999999917 0.0034044791666666607
0 0.8858984375 0.42040625 0.028033854066666632 0.025039062500000025
0 0.8742057291666666 0.43045572916666663 0.0029947916666666075 0.003059895833333363
0 0.896028125 0.41626002080000000 0.000268229166666655 0.004166666666666726
0 0.8909817708333333 0.4100963541666667 0.003068009166666655 0.0004999999999999467
0 0.9870484375 0.45729066666666665 0.02247395833333332 0.008909270833333297
0 0.9789453125 0.46411458333333333 0.0032812499999999765 0.003059895833333363
0 0.9954947916666667 0.452421875 0.0024048958000001914 0.000059895800000060
0 0.9900916666666667 0.449901875 0.0030810499999999765 0.0004999999999999467