0 0.07488280249999993 0.6783203025 0.04050780250000002 0.0820744790666666
0 0.1659244791666666 0.7111458333333333 0.002187500000000009 0.003671874999999917
0 0.17035677083333334 0.6450390605 0.0031119791666666488 0.004596354166666631
0 0.18819010416666662 0.6466506458000000 0.0026562500000000266 0.004127604166666614
0 0.7239322906666667 0.568828025 0.03950822906666655 0.05785056249999993
0 0.7101953125000001 0.5909765625 0.0019401041666666785 0.0029427083333333215
0 0.7300500833333334 0.5456380008333333 0.0014453104999998697 0.0004479166666666607
0 0.7076402291666667 0.5486979166666667 0.0014450124999998697 0.0022005208000004045
0 0.23589843749999995 0.20504322906666664 0.04062499999999999 0.0737760406666667
0 0.22480468749999996 0.24451822916666666 0.003776041666666637 0.0058723958333333215
0 0.03096874999999995 0.18608070916666665 0.0031049999999999700 0.000617187499999988
0 0.24928085416666674 0.18869791666666666 0.0001249999999999702 0.0009192708000000215
0 0.5092578025 0.8426040666666667 0.04320302499999993 0.0700708750000000
0 0.505546875 0.8716666666666667 0.0024999999999999467 0.0039192708333333215
0 0.5083984375 0.8105781049999999 0.0038151041666666017 0.003068009166666655
0 0.5049048958000000 0.8160026041666667 0.0022526041666666905 0.002799479166666785
0 0.62040625 0.7758854066666667 0.004230770833333268 0.003749999999999929
0 0.6240755208333334 0.772578125 0.0017578125000000295 0.0015234375000000948
0 0.6034375 0.7797005008333333 0.0014973958333333037 0.0015034375000000948
0 0.6178085416666666 0.7771614580000004 0.0014970958000000007 0.0025520800000000806