0 0.07488280249999993 0.3206796874999999 0.04050780250000002 0.08207447906666669
0 0.1659244791666666 0.2888541666666667 0.002187500000000009 0.003671874999999991
0 0.17035677083333334 0.3549609375 0.0031119791666666488 0.004596354166666631
0 0.18819010416666662 0.05004605416666665 0.0026562500000000266 0.004127604166666614
0 0.7239322906666667 0.430070875 0.03950822906666655 0.05785056249999993
0 0.7101953125000001 0.4090234375 0.0019401041666666785 0.0029427083333333215
0 0.7300500833333334 0.45436197916666665 0.0014453104999998697 0.0004479166666666607
0 0.7076402291666667 0.4510020800000004 0.0014450124999998697 0.0022005208000004045
0 0.23589843749999995 0.7848567708333333 0.04062499999999999 0.07377604066666678
0 0.22480468749999996 0.7554817708333333 0.003776041666666637 0.0058723958333333215
0 0.03096874999999995 0.8139190708333334 0.0031049999999999700 0.000617187499999988
0 0.24928085416666674 0.8110020800000004 0.0001249999999999702 0.0009192708000000215
0 0.5092578025 0.05739583333333332 0.04320302499999993 0.07007087499999998
0 0.505546875 0.12833333333333327 0.0024999999999999467 0.0039192708333333215
0 0.5083984375 0.18740187500000007 0.0038151041666666017 0.003068009166666655
0 0.5049048958000000 0.18099709580000027 0.0022526041666666905 0.002799479166666607
0 0.62040625 0.22400458333333334 0.004230770833333268 0.003750000000000004
0 0.6240755208333334 0.22742187499999997 0.0017578125000000295 0.0015234375000000207
0 0.6034375 0.00009947916666673 0.0014973958333333037 0.0015034375000000007
0 0.6178085416666666 0.22280854166666664 0.0014970958000000007 0.002552080000000007