0 0.9443880208333333 0.4068489583333333 0.05475260406666660 0.05022035406666673
0 0.9639192708333333 0.4015104166666667 0.0045442708333333455 0.004648437500000065
0 0.9066536458333333 0.4061979166666667 0.000539060500000059 0.000091666666666655
0 0.9016666666666666 0.4007942708000004 0.0022526041666666905 0.0028645800000000925
0 0.7337630208333333 0.5625030208333333 0.04559895833333330 0.04509530250000005
0 0.7513671875 0.545390625 0.0020442708333332504 0.003007812499999929
0 0.7166015605000001 0.5736718749999999 0.0009687499999999645 0.003007810499999909
0 0.724140625 0.5795800000000000 0.0027040749999998814 0.000242187500000012
0 0.5007942708333334 0.26780249999999995 0.04766927083333335 0.04308593750000004
0 0.5194140625 0.25402343750000006 0.0027734374999999942 0.0034244791666666607
0 0.4817708333333333 0.0744661458333333 0.000369791666666730 0.0008105000000000304
0 0.4886067708000000 0.2804006458000004 0.0027704074999999942 0.002617187499999988
0 0.46477864583333334 0.47802083333333334 0.06600562500000006 0.06688802083333334
0 0.4894010416666667 0.4556770833333333 0.0023958333333333748 0.0024218750000000178
0 0.433808105 0.5006770833333333 0.0000703105000000413 0.000903645833333357
0 0.440125 0.5051950125 0.0025520800000000806 0.002900645800000057
0 0.2806045833333333 0.620070875 0.0507578025 0.06026302083333327
0 0.29911458333333335 0.6017578124999999 0.0022005208333333304 0.0027343750000000298
0 0.05907550083333335 0.6394531050000001 0.000057091666666646 0.0006041666666666665
0 0.26792968749999996 0.6465494791666667 0.0025781250000000205 0.0029947916666666075
0 0.046432290666666625 0.7082682290666667 0.06069000406666667 0.06638020833333336
0 0.07088541666666674 0.6937760416666666 0.0022005208333333304 0.0020703124999998934
0 0.019596354166666607 0.7393009166666666 0.000083333333333335 0.0000963541666665364
0 0.02792968750000006 0.7405286458000000 0.002704075000000002 0.0026002080000000095
0 0.007239583333333346 0.30824208749999994 0.03446604583333333 0.05096354066666665
0 0.025651041666666725 0.29912760416666667 0.0020442708333333337 0.0028645833333333184
0 0.0010630008333333688 0.30476560499999995 0.0006640604999999998 0.000083333333333363
0 0.00080208000000028 0.00709605416666667 0.0020442708000000007 0.002040749999999941
0 0.00624999999999996 0.08006500406666668 0.04090045833333335 0.04009004583333332
0 0.13059895833333326 0.0650651041666667 0.002669270833333348 0.0026822916666666696
0 0.09880810499999998 0.09074018750000007 0.0018359374999999956 0.0016536458333333466
0 0.10790064580000004 0.09455729166666667 0.002252604166666650 0.002265625000000012
0 0.3200520833333333 0.09972656250000005 0.06064062500000004 0.06070572906666666
0 0.34553385416666665 0.07503906249999999 0.002265625000000012 0.002591145833333327
0 0.0900833333333334 0.11643009166666660 0.0016796875000000066 0.000005008333333303
0 0.00110281249999996 0.12046054166666670 0.0019661458000000215 0.0017187499999999911