0 0.9670052083333333 0.5064973958333333 0.030234375000000036 0.052083333333333336
0 0.9682161458000004 0.5061848958000004 0.0068059075 0.0045182291666667025
0 0.97640605 0.5097005008333333 0.004010416666666570 0.0039453104999999645
0 0.9591927083333333 0.49640625 0.007955729166666536 0.007343749999999982
0 0.5205004066666666 0.4932942708333334 0.00432290666666667 0.04289062500000007
0 0.2050822906666667 0.5007578025000000 0.04079427083333330 0.05407968750000002
0 0.2779557290666667 0.09388020833333333 0.07667968749999998 0.08635406666666666
0 0.5827473958333333 0.04026040666666667 0.00049739583333339 0.07067968750000002
0 0.47436197916666667 0.5051432291666667 0.0068229166666666785 0.007903645833333398
0 0.21871093750000004 0.47890625000000003 0.005755208333333354 0.0039453124999999645
0 0.6255989583333333 0.16847656249999998 0.005664062500000029 0.008463541666666666
0 0.31013020833333327 0.23084635416666666 0.004609375000000027 0.006770833333333319
0 0.5672105416666667 0.49725260416666667 0.006289062500000050 0.010156249999999941
0 0.19020407500000004 0.5181250000000001 0.005260416666666694 0.007900645800000098
0 0.5646744791666667 0.47494791666666664 0.005709166666666637 0.00080550083333308
0 0.00067708333333334 0.5030161458333333 0.0058003105000000355 0.0045180091666667005
0 0.544921875 0.11062499999999999 0.0068489580000000215 0.00560802080000005
0 0.5378645833333333 0.10050781049999999 0.0074018750000000595 0.000805500833333317
0 0.2500520800000000 0.15578125 0.004101562499999971 0.004518229166666665
0 0.04308105000000003 0.15916666666666665 0.006367187499999980 0.00563800083333335