0 0.9670052083333333 0.4835026040666666 0.030234375000000036 0.052083333333333336
0 0.9682161458000004 0.46081510416666666 0.0068059075 0.0045182291666667025
0 0.97640605 0.47009947916666665 0.004010416666666570 0.0039453104999999645
0 0.9591927083333333 0.50359375 0.007955729166666536 0.007343749999999982
0 0.5205004066666666 0.5067057290666667 0.00432290666666667 0.04289062500000007
0 0.2050822906666667 0.4982420875 0.04079427083333330 0.05407968750000002
0 0.2779557290666667 0.8060097906666667 0.07667968749999998 0.08635406666666658
0 0.5827473958333333 0.8597395833333333 0.00049739583333339 0.07067968749999994
0 0.47436197916666667 0.49485677083333335 0.0068229166666666785 0.007903645833333398
0 0.21871093750000004 0.52109375 0.005755208333333354 0.0039453124999999645
0 0.6255989583333333 0.8315234375 0.005664062500000029 0.008463541666666666
0 0.31013020833333327 0.7691536458333333 0.004609375000000027 0.0067708333333333925
0 0.5672105416666667 0.5027470958000004 0.006289062500000050 0.010156249999999941
0 0.19020407500000004 0.481875 0.005260416666666694 0.007900645800000098
0 0.5646744791666667 0.5050500833333333 0.005709166666666637 0.00080550083333308
0 0.00067708333333334 0.4767838541666667 0.0058003105000000355 0.0045180091666667005
0 0.544921875 0.8890749999999999 0.0068489580000000215 0.005608020800000209
0 0.5378645833333333 0.8794901875 0.0074018750000000595 0.000805500833333408
0 0.2500520800000000 0.84421875 0.004101562499999971 0.0045182291666667025
0 0.04308105000000003 0.8408333333333333 0.006367187499999980 0.005638000833333039