0 0.0744660458333334 0.4868880208333333 0.05900056249999999 0.02555989583333327
0 0.053749999999999964 0.5437630208333334 0.006601562499999991 0.004830729166666714
0 0.10007812500000002 0.4015494791666667 0.0021744791666666505 0.0006028124999999525
0 0.0877994791666666 0.40761718750000005 0.000981770833333303 0.0034044791666666607
0 0.48246093749999996 0.6732060458333333 0.05643229066666670 0.043064062500000044
0 0.45830729166666667 0.6890234375 0.0031510416666666132 0.004257812499999976
0 0.5075 0.6612209580000004 0.0001640624999999047 0.004257812499999976
0 0.5019140605 0.6540034375 0.006888000833333086 0.000669070833333074
0 0.600234375 0.4093229066666667 0.08837239583333334 0.08524739583333336
0 0.5610677083333333 0.45555989583333334 0.0057942708333333925 0.006393229166666625
0 0.6415204075 0.08921875 0.004709580000000015 0.005859075
0 0.6099869791666667 0.3805390605 0.008997395833333091 0.004057810499999976
0 0.9283723958333333 0.4244400040666667 0.022434895833333357 0.022087499999999954
0 0.9357682291666666 0.4174609375 0.0030989583333334756 0.0031249999999999702
0 0.9196875000000001 0.42828125 0.0028125000000001066 0.0006979166666667080
0 0.9046744791666667 0.4303958333333333 0.003671874999999917 0.0008385416666666017
0 0.6080208333333333 0.0747265625 0.048776040666666704 0.02709635406666665
0 0.5961328124999999 0.13337239583333335 0.005742187499999958 0.004375000000000018
0 0.6281770800000000 0.017122095800000005 0.0000590750000000500 0.0005807291666666665
0 0.6059765605 0.016419070833333333 0.0035546875000000035 0.003776041666666665