0 0.2608333333333333 0.8004687500000000 0.020052083333333304 0.023050040666666632
0 0.25983072916666666 0.8144921875 0.004648437499999991 0.004713541666666525
0 0.2617578125 0.8022786458000000 0.0000720958000000006 0.0025781250000000205
0 0.05510416666666663 0.8040057091666667 0.004648437499999991 0.0001484375000001186
0 0.36802500000000004 0.4653645833333333 0.04968749999999996 0.038077083333333396
0 0.38484375 0.4544270833333333 0.006067708333333292 0.004283854166666619
0 0.047109075 0.47029947916666665 0.004048958000000075 0.005140229166666726
0 0.3501171875 0.48016907083333333 0.007786458333333357 0.004083854166666619
0 0.4367447906666667 0.40897035406666663 0.025650040666666725 0.00972656249999997
0 0.4444661458333334 0.4018880208333333 0.004375000000000018 0.0021484374999999702
0 0.42709605416666664 0.41290064580000000 0.0000859075000000058 0.000567708000000045
0 0.43138000833333335 0.41497395833333334 0.0039453104999999645 0.0034374999999999800
0 0.8330598958333333 0.40274739583333335 0.02824208750000007 0.028736979066666732
0 0.827265625 0.39373697916666667 0.007356770833333452 0.005572916666666631
0 0.8000598958000000 0.4121875 0.0040489580000002265 0.004710541666666672
0 0.8418489583333333 0.40575500833333334 0.004778645833333408 0.004713541666666670