0 0.7390666666666667 0.8004687500000000 0.020052083333333453 0.023050040666666632
0 0.7401692708333334 0.8144921875 0.004648437499999917 0.004713541666666525
0 0.7082421875 0.8022786458000000 0.000072095800000227 0.0025781250000000205
0 0.7448958333333334 0.8040057091666667 0.004648437499999917 0.0001484375000001186
0 0.630875 0.4653645833333333 0.04968749999999996 0.038077083333333396
0 0.61515625 0.4544270833333333 0.006067708333333292 0.004283854166666619
0 0.6528906250000001 0.47029947916666665 0.004048958000000075 0.005140229166666726
0 0.6498808105 0.48016907083333333 0.007786458333333357 0.004083854166666619
0 0.5632552083333333 0.40897035406666663 0.025650040666666725 0.00972656249999997
0 0.5555338541666667 0.4018880208333333 0.004375000000000018 0.0021484374999999702
0 0.5729006458000000 0.41290064580000000 0.0000859075000000058 0.000567708000000045
0 0.5686197916666667 0.41497395833333334 0.0039453104999999645 0.0034374999999999800
0 0.06694000406666670 0.40274739583333335 0.028242087499999998 0.028736979066666732
0 0.17273437499999997 0.39373697916666667 0.007356770833333304 0.005572916666666631
0 0.16694010416666671 0.4121875 0.004048958000000019 0.004710541666666672
0 0.15815104166666671 0.40575500833333334 0.004778645833333317 0.004713541666666670