0 0.00979066666666667 0.8492447906666667 0.06203025 0.05497395833333333
0 0.09950125 0.8674609075000001 0.006809895800000004 0.008684895800000000
0 0.09350060416666667 0.8564190708333334 0.00390605 0.006076041666666667
0 0.14488281249999999 0.8262109375 0.005846354166666667 0.0043359375
0 0.6656770833333333 0.7958203025000000 0.0746875 0.08057290666666667
0 0.6460902291666666 0.8022526041666666 0.009244791666666667 0.0008541666666666668
0 0.6333593750000001 0.8013930091666667 0.0034505008333333330 0.008003105
0 0.6972786458333333 0.7596354166666667 0.003958333333333334 0.0053125
0 0.48235677083333334 0.5403505625 0.07084635406666667 0.05692708333333333
0 0.45990489580000006 0.5615885416666667 0.006809895800000004 0.0057942708000000006
0 0.45076800916666665 0.5507091666666666 0.003919070833333333 0.006076041666666667
0 0.5134765625000001 0.5157552083333333 0.005859375 0.004830729166666666
0 0.9680900040666667 0.40756500406666665 0.020809895833333332 0.06223958333333333
0 0.9754166666666667 0.4419401041666667 0.004440104166666667 0.006757812500000001
0 0.9614300916666667 0.4410109375 0.004440104166666667 0.0053105
0 0.9669791666666666 0.38983072916666667 0.008776041666666666 0.0028906250000000004
0 0.7047906666666666 0.34085937499999996 0.04290364583333334 0.06705729066666667
0 0.6977994791666666 0.0676002080000000 0.004856770800000004 0.006757812500000001
0 0.6869401041666667 0.3608105 0.0043749999999999995 0.006757810500000001
0 0.7214322916666666 0.31118489583333336 0.0058203125 0.0038541666666666668
0 0.8623046875 0.08032552083333333 0.050234375 0.00627604066666666
0 0.8642017708000004 0.12800000000000000 0.011650645800000002 0.006757812500000001
0 0.8454166666666666 0.10399739583333334 0.007786458333333334 0.007701354166666666
0 0.8750781249999999 0.027018229166666668 0.010208333333333333 0.0038541666666666668
0 0.3827203540666667 0.2894790666666667 0.07340045833333333 0.05692708333333333
0 0.0595700125 0.01011197916666667 0.0068059075 0.0008541666666666668
0 0.34944010416666665 0.3017838541666667 0.005870395833333333 0.0043359375
0 0.4126302083333333 0.2670442708333333 0.006848958333333333 0.006276041666666667
0 0.08229066666666666 0.0524609375 0.07578025000000000 0.0646484375
0 0.21388020833333332 0.12567708333333333 0.008736979166666667 0.0053125
0 0.15671875 0.18044270800000004 0.010169270800000002 0.004800729166666666
0 0.148515605 0.16838541666666665 0.0043749999999999995 0.007701354166666666
0 0.03 0.2908880208333333 0.06 0.08200822906666666
0 0.010658854166666666 0.027109075 0.008706979166666667 0.006757812500000001
0 0.0009947916666666664 0.3101484375 0.0034044791666666664 0.008684895833333333
0 0.05225260416666667 0.25546874999999997 0.006809895833333334 0.006276041666666667
0 0.04076822906666668 0.48704427083333335 0.0246875 0.0207420875
0 0.14494791666666665 0.48296875 0.0050651041666666665 0.0030598958333333333
0 0.106875 0.49411458000000006 0.0000854166666666668 0.0000598958000000000
0 0.13115885416666667 0.48854166666666665 0.0005500833333333333 0.0005130008333333333