0 0.00979066666666667 0.0507552083333333 0.06203024999999998 0.05497395833333335
0 0.09950125 0.10250906249999994 0.00680989580000002 0.008684895800000017
0 0.09350060416666667 0.14358070916666664 0.00390605 0.006076041666666658
0 0.14488281249999999 0.17378906250000004 0.0058463541666666785 0.0043359374999999796
0 0.6656770833333333 0.20407968749999993 0.07468749999999995 0.08057290666666666
0 0.6460902291666666 0.1677470958000004 0.009244791666666696 0.0008541666666666585
0 0.6333593750000001 0.1786067708333333 0.0034505008333333037 0.008003105000000014
0 0.6972786458333333 0.24036458333333335 0.003958333333333286 0.0053124999999999796
0 0.48235677083333334 0.4596484375 0.07084635406666663 0.05692708333333337
0 0.45990489580000006 0.40841145800000004 0.006809895800000057 0.0057942708000000925
0 0.45076800916666665 0.44907083333333334 0.0039190708333333015 0.006076041666666730
0 0.5134765625000001 0.4842447916666666 0.005859375 0.004830729166666714
0 0.9680900040666667 0.5824348958333333 0.020809895833333332 0.06223958333333327
0 0.9754166666666667 0.5580598958000000 0.0044401041666667705 0.006757812500000071
0 0.9614300916666667 0.5587890604999999 0.0044401041666667735 0.005310500000000053
0 0.9669791666666666 0.6101692708333334 0.008776041666666679 0.0028906250000000355
0 0.7047906666666666 0.659040625 0.04290364583333339 0.06705729066666667
0 0.6977994791666666 0.6020697916666667 0.004856770800000057 0.006757812500000071
0 0.6869401041666667 0.6371875 0.0043749999999998694 0.006757810500000071
0 0.7214322916666666 0.6888151041666667 0.0058203125000000355 0.003854166666666714
0 0.8623046875 0.9096744790666666 0.05023437499999990 0.00627604066666660
0 0.8642017708000004 0.8716666666666667 0.011650645800000090 0.006757812500000071
0 0.8454166666666666 0.8760006041666666 0.007786458333333357 0.0077013541666667496
0 0.8750781249999999 0.9729817708333334 0.010208333333333227 0.003854166666666714
0 0.3827203540666667 0.7005208333333334 0.07340045833333333 0.05692708333333337
0 0.0595700125 0.6868880208000000 0.0068059075 0.000854166666666714
0 0.34944010416666665 0.6980161458333334 0.0058703958333333015 0.004335937499999905
0 0.4126302083333333 0.7329557291666666 0.0068489583333333215 0.0062760416666665835
0 0.08229066666666666 0.8475390625 0.07578024999999998 0.06464843750000000
0 0.21388020833333332 0.8743229166666667 0.00873697916666664 0.005312499999999905
0 0.15671875 0.8195572916666666 0.010169270800000006 0.004800729166666714
0 0.148515605 0.8316145833333334 0.004375000000000018 0.0077013541666667496
0 0.03 0.7080009790666667 0.06 0.08200822906666668
0 0.010658854166666666 0.672890625 0.008706979166666667 0.006757812500000071
0 0.0009947916666666664 0.6878515605 0.0034044791666666664 0.008684895833333408
0 0.05225260416666667 0.74453125 0.006809895833333339 0.0062760416666665835
0 0.04076822906666668 0.5029557290666667 0.02468750000000000 0.020742087499999936
0 0.14494791666666665 0.5170312499999999 0.005065104166666649 0.003059895833333363
0 0.106875 0.5058854166666666 0.0000854166666666594 0.000059895800000060
0 0.13115885416666667 0.5114583333333333 0.0005500833333333437 0.000513000833333068