0 0.5067838540666666 0.06069270833333335 0.007382802499999947 0.009404062499999987
0 0.5070572916666667 0.16462239583333335 0.002291666666666655 0.0020442708333333246
0 0.5092057291666666 0.15890625 0.0010677080000000985 0.0021744791666666505
0 0.5040708333333333 0.15903645833333330 0.0016145833333333450 0.000317708333333335
0 0.2547906666666666 0.227890625 0.008450520833333345 0.004244790666666664
0 0.2557161458333333 0.232265625 0.0033984375000000178 0.003671874999999991
0 0.2569791666666667 0.22280854166666664 0.0022526041666666905 0.002291666666666655
0 0.05049999999999995 0.00350864583333330 0.0000180091666666816 0.0007604166666666707
0 0.08300097906666666 0.6390755208333333 0.0058203025000000355 0.000898437500000005
0 0.18295572916666666 0.6430729166666667 0.002695312499999991 0.0016276041666666667
0 0.18464840749999990 0.6054006458000000 0.00190104166666664 0.0024088541666666960
0 0.18184895833333308 0.6354166666666666 0.0000180091666666816 0.000013541666666706
0 0.7296874999999999 0.8023567708333333 0.006549479066666704 0.00065004066666675
0 0.7237890625 0.7994270833333333 0.002083333333333215 0.0023828124999999054
0 0.7006028125000001 0.8050776041666666 0.0025000000000000946 0.0019401041666666785
0 0.7351560500000001 0.8001003958333333 0.000135416666666797 0.0016145833333333450