0 0.49320604583333334 0.06069270833333335 0.0073828025 0.0094040625
0 0.4929427083333333 0.16462239583333335 0.0022916666666666667 0.0020442708333333333
0 0.4907942708000000 0.15890625 0.0010677080000000000 0.0021744791666666666
0 0.4957091666666667 0.15903645833333330 0.0016145833333333333 0.0003177083333333335
0 0.7452083333333334 0.227890625 0.008450520833333334 0.004244790666666666
0 0.7442838541666666 0.232265625 0.0033984375 0.003671875
0 0.7400208000000004 0.22280854166666664 0.0022526041666666666 0.0022916666666666667
0 0.7475 0.00350864583333330 0.000018009166666667 0.0007604166666666667
0 0.8068880208333333 0.6390755208333333 0.0058203025 0.000898437499999998
0 0.8170442708333333 0.6430729166666667 0.0026953125 0.0016276041666666667
0 0.8150515625000001 0.6054006458000000 0.0019010416666666665 0.0024088541666666668
0 0.8181510416666667 0.6354166666666666 0.000018009166666667 0.0000135416666666666
0 0.2703025 0.8023567708333333 0.00654947906666667 0.000650040666666666
0 0.2762109375 0.7994270833333333 0.0020833333333333333 0.0023828125
0 0.2660671875 0.8050776041666666 0.0025 0.0019401041666666666
0 0.06484375 0.8001003958333333 0.0001354166666666665 0.0016145833333333333