0 0.890625 0.33052884615384615 0.21875 0.054086538461538464
0 0.7163461538461539 0.4254807692307692 0.03125 0.26802884615384615
0 0.5180288461538461 0.7824519230769231 0.040865384615384616 0.04447115384615385
0 0.5252403846153846 0.828125 0.04567307692307692 0.042067307692307696
0 0.46634615384615385 0.8305288461538461 0.056490384615384616 0.04447115384615385
0 0.41346153846153844 0.8365384615384616 0.026442307692307692 0.03245192307692308
0 0.6730769230769231 0.49038461538461536 0.046875 0.040865384615384616
0 0.4110576923076923 0.6033653846153846 0.03245192307692308 0.020432692307692308
0 0.39663461538461536 0.7247596153846154 0.030048076923076924 0.025240384615384616
0 0.4362980769230769 0.5420673076923077 0.009615384615384616 0.054086538461538464
0 0.6057692307692307 0.48197115384615385 0.025240384615384616 0.018028846153846152
0 0.6057692307692307 0.5 0.026442307692307692 0.018028846153846152
0 0.4074519230769231 0.6370192307692307 0.028846153846153848 0.019230769230769232
0 0.5673076923076923 0.8509615384615384 0.014423076923076924 0.07091346153846154