0 0.5323958333333333 0.6285807290666666 0.06900458333333338 0.002009374999999940
0 0.5644921875 0.6306640625000001 0.002317708333333298 0.0024739583333333037
0 0.5018229166666667 0.6208802080000004 0.0020700125000000410 0.0009114580000000925
0 0.5003177083333333 0.6099479166666667 0.003040187500000010 0.000343749999999941
0 0.5327203540666667 0.6050692708333333 0.06095302500000005 0.003932290666666726
0 0.56234375 0.6203776041666667 0.0014062500000000533 0.0024739583333333037
0 0.5059605416666667 0.6100911458000000 0.002981770800000286 0.0024709580000000007
0 0.5056380008333333 0.6154947916666667 0.0031119791666666488 0.0006041666666666665
0 0.6405234375 0.6490796875 0.02870093749999994 0.000679687500000036
0 0.6531250000000001 0.6524739583333333 0.0028124999999999587 0.0029947916666666075
0 0.6002210541666667 0.6459605416666667 0.0022265625000000475 0.0019401041666666785
0 0.60984375 0.650078105 0.000369791666666730 0.001796874999999994