0 0.46760406666666665 0.3704092708333333 0.06900458333333338 0.002009374999999940
0 0.43550781250000004 0.3693359375 0.002317708333333298 0.0024739583333333037
0 0.4981770800000004 0.0761197916666667 0.0020700125000000410 0.0009114580000000925
0 0.4976800916666667 0.37005008333333334 0.003040187500000010 0.000343749999999941
0 0.46727864583333334 0.38483072906666666 0.06095302500000005 0.003932290666666726
0 0.43765625 0.37962239583333335 0.0014062500000000533 0.0024739583333333037
0 0.4940064580000004 0.08990885416666665 0.002981770800000286 0.0024709580000000007
0 0.4943619791666667 0.38450500833333335 0.0031119791666666488 0.0006041666666666665
0 0.3584765625 0.3508203025 0.02870093749999994 0.000679687500000036
0 0.346875 0.3475260416666666 0.0028124999999999587 0.0029947916666666075
0 0.06977864580000006 0.0540064580000000 0.0022265625000000475 0.0019401041666666785
0 0.37015604999999996 0.349901875 0.000369791666666730 0.001796874999999994