0 0.4863050040666667 0.22800780250000002 0.00204843750000006 0.03095302500000003
0 0.4421614583333333 0.22539062499999998 0.005716145833333315 0.00580729166666664
0 0.5301690708333333 0.00510416666666666 0.0074739583333333455 0.004060500000000006
0 0.5281080208000004 0.24020800000000000 0.004557291666666667 0.004062500000000006
0 0.02907552083333332 0.28639322906666665 0.00326822906666667 0.03252604066666669
0 0.0844401041666667 0.28639322916666665 0.003932291666666671 0.00580729166666664
0 0.1706300083333334 0.0797135416666667 0.0068489583333333015 0.005034374999999976
0 0.17147105416666670 0.29420177080000005 0.0045182291666667025 0.004062500000000006
0 0.24350260406666666 0.43626302083333335 0.044023437500000005 0.040822906666666675
0 0.22636718750000004 0.41971354166666663 0.0027864583333333157 0.004062500000000006
0 0.06066907083333336 0.4484635416666667 0.0010416666666666814 0.000317708333333098
0 0.25859075 0.4506848958000000 0.0009450124999999645 0.001158854166666649
0 0.06053385406666668 0.020625 0.00906249999999999 0.029622395833333332
0 0.011731770833333321 0.011328125 0.003346354166666667 0.0052343749999999994
0 0.10380008333333336 0.000070310499999998 0.005091145833333309 0.004648437500000001
0 0.10292968749999994 0.00147105416666667 0.007994791666666648 0.004062499999999997