0 0.6754557290666666 0.29847656250000004 0.008268229066666632 0.020468750000000036
0 0.6826953124999999 0.30516927083333334 0.0012760416666666903 0.0020182291666666816
0 0.6690708333333334 0.0980401874999999 0.0014190708333330067 0.0000180091666666816
0 0.67296875 0.29080000000000000 0.0014192708000002267 0.0015885416666667020
0 0.9066666666666667 0.6497265625 0.09040927083333339 0.05592447906666673
0 0.9470963541666667 0.6679296875 0.003671874999999917 0.005729166666666711
0 0.86609375 0.6439843749999999 0.0039713541666666075 0.0040968749999999405
0 0.8694140625000001 0.6012109075 0.002825520800000428 0.00401041666666672
0 0.06828025000000002 0.38934895833333333 0.04407968750000000 0.06779947906666673
0 0.15861979166666665 0.36200520833333333 0.003242187500000012 0.00458333333333331
0 0.18695310500000003 0.40850060416666667 0.0000506041666666905 0.0030810499999999765
0 0.17480072916666667 0.41260416666666666 0.000567708000000045 0.005572916666666601