0 0.6754557290666666 0.7005234375 0.008268229066666667 0.02046875
0 0.6826953124999999 0.6948307291666667 0.0012760416666666666 0.002018229166666667
0 0.6690708333333334 0.7017578105 0.0014190708333333334 0.000018009166666667
0 0.67296875 0.7091666666666666 0.0014192708000000004 0.0015885416666666667
0 0.9066666666666667 0.3502734375 0.09040927083333333 0.05592447906666667
0 0.9470963541666667 0.3320703125 0.003671875 0.005729166666666667
0 0.86609375 0.356015605 0.0039713541666666664 0.0040968749999999995
0 0.8694140625000001 0.06878906250000004 0.002825520800000000 0.0040104166666666665
0 0.06828025000000002 0.6006500406666667 0.0440796875 0.06779947906666666
0 0.15861979166666665 0.6379947916666667 0.0032421875000000003 0.004583333333333333
0 0.18695310500000003 0.5914973958333333 0.0000506041666666666 0.00308105
0 0.17480072916666667 0.5870958000000000 0.0005677080000000008 0.005572916666666667