0 0.04239583333333333 0.6920093749999999 0.000090045833333334 0.009596354066666524
0 0.13885416666666667 0.6902213541666667 0.0021484375000000075 0.0018098958333334636
0 0.14488281249999999 0.6947095800000000 0.0015494791666666606 0.0018098958000004606
0 0.14609375 0.6903307091666667 0.0015494791666666636 0.0018098958333334636
0 0.03986979066666667 0.6906640625000000 0.005026040666666665 0.009947906666666798
0 0.03647135416666667 0.6888802083333333 0.00244791666666667 0.0027083333333332384
0 0.04017708000000000 0.6900859074999999 0.0018489580000000055 0.002109074999999858
0 0.0457401875 0.6908003105 0.0001484375000000075 0.003007810499999909
0 0.007420875 0.790005625 0.008776040666666665 0.0069270833333332504
0 0.020585937500000002 0.7923697916666667 0.0018359375000000001 0.0018098958333334636
0 0.015286458000000004 0.7892578124999999 0.0018059075000000001 0.0015104166666667700
0 0.013800083333333333 0.791171875 0.0009374999999999986 0.0010109375000000808