0 0.8576040666666666 0.30789062500000003 0.000090045833333334 0.009596354066666673
0 0.8611458333333334 0.3097786458333333 0.0021484375000001186 0.0018098958333333155
0 0.8551171875 0.00526041666666665 0.0015494791666667078 0.0018098958000000155
0 0.85390605 0.30766907083333334 0.0015494791666667378 0.0018098958333333155
0 0.9600302083333333 0.3093359375 0.00502604066666662 0.009947906666666648
0 0.9635286458333333 0.31111979166666665 0.0024479166666668086 0.0027083333333333126
0 0.9568229166666667 0.00691406250000000 0.001848958000000428 0.0021090750000000058
0 0.9540578105 0.30917968749999997 0.0001484375000001186 0.003007810500000003
0 0.982578025 0.208984375 0.008776040666666679 0.006927083333333324
0 0.9794140625000001 0.20763020833333334 0.0018359375000001066 0.0018098958333333155
0 0.9847105416666667 0.21074218749999998 0.0018059075000001066 0.0015104166666666992
0 0.9861979166666667 0.008808105 0.0009375000000000355 0.0010109375000000089