0 0.6042307708333334 0.7400406666666667 0.029088540666666707 0.06503906250000006
0 0.606171875 0.7178255208333333 0.007994791666666648 0.008776041666666679
0 0.6251822916666666 0.7641927080000000 0.004201770800000000 0.005429687500000095
0 0.6168009166666667 0.7654407083333334 0.005911458333333086 0.004596354166666631
0 0.47760406666666666 0.5340364583333334 0.02056249999999993 0.04253906249999995
0 0.478984375 0.5174348958333334 0.004739583333333315 0.005013020833333363
0 0.480200125 0.54796875 0.005052080000000028 0.004700520800000051
0 0.4764713541666667 0.550605 0.004739583333333315 0.0037630008333333157
0 0.025390625 0.6823046875 0.003098958333333336 0.043528645833333345
0 0.024453124999999964 0.6635156249999999 0.008190104166666665 0.0021874999999999347
0 0.028200124999999957 0.69765625 0.0044401041666666625 0.004075520800000475
0 0.000096354166666703 0.69808105 0.003500604166666666 0.0034505008333334516
0 0.003333333333333345 0.6806796875 0.000640624999999996 0.0504066666666667
0 0.014583333333333393 0.660390625 0.006627604166666666 0.004075520833333328
0 0.01690104166666669 0.7015104166666667 0.0016145800000000014 0.004088020800000191
0 0.011041666666666691 0.7019401041666667 0.0035937499999999984 0.00070135416666656