0 0.6042307708333334 0.25895833333333335 0.029088540666666707 0.06503906249999998
0 0.606171875 0.28217447916666666 0.007994791666666648 0.008776041666666679
0 0.6251822916666666 0.20580729166666667 0.004201770800000000 0.0054296875000000204
0 0.6168009166666667 0.03455709166666664 0.005911458333333086 0.004596354166666631
0 0.47760406666666666 0.4659635406666667 0.02056249999999993 0.04253906249999995
0 0.478984375 0.4825651041666667 0.004739583333333315 0.005013020833333363
0 0.480200125 0.45200125000000005 0.005052080000000028 0.004700520800000051
0 0.4764713541666667 0.449375 0.004739583333333315 0.0037630008333333157
0 0.025390625 0.3076953025 0.003098958333333336 0.0435286458333333
0 0.024453124999999964 0.336484375 0.008190104166666665 0.0021874999999999347
0 0.028200124999999957 0.00204074999999997 0.0044401041666666625 0.004075520800000028
0 0.000096354166666703 0.30171875 0.003500604166666666 0.0034505008333333037
0 0.003333333333333345 0.3083203025 0.000640624999999996 0.05040666666666663
0 0.014583333333333393 0.339609375 0.006627604166666666 0.004075520833333328
0 0.01690104166666669 0.29848958000000006 0.0016145800000000014 0.004088020800000009
0 0.011041666666666691 0.0980598958333333 0.0035937499999999984 0.000701354166666634