0 0.4025 0.76505625 0.04027343750000000 0.20740885406666663
0 0.45738281249999996 0.6730859375000001 0.010065104166666691 0.01023437499999987
0 0.3653105 0.8591015604999999 0.010091145833333334 0.01003437499999987
0 0.0097095800000004 0.84028125 0.009150645800000298 0.015807291666666796
0 0.2588050040666667 0.03550780250000007 0.30677083333333327 0.08835937500000002
0 0.11467447916666666 0.12481770833333335 0.012916666666666651 0.020455729166666676
0 0.40065104166666665 0.16619791666666664 0.015664062499999964 0.010945012499999992
0 0.40157550083333337 0.14574018749999993 0.015664060499999964 0.01394531050000001
0 0.6860458333333333 0.24339843749999993 0.08859374999999998 0.27808593749999994
0 0.6029166666666667 0.065204075 0.009114580000000004 0.01580729166666665
0 0.6001300083333333 0.3706690708333333 0.015605 0.013945310500000048
0 0.7568359375 0.12109375 0.01932291666666656 0.016744791666666686
0 0.9566536458333333 0.6872265624999999 0.009856770833333332 0.00805989583333309
0 0.9528255208333333 0.6906249999999999 0.006093750000000083 0.00390625
0 0.9543009166666666 0.680078105 0.0008385416666667496 0.0006041666666666665
0 0.9609970958000000 0.6898697916666666 0.000619791666666601 0.002210541666666726