0 0.5975 0.76505625 0.04027343750000000 0.20740885406666663
0 0.5426171875 0.6730859375000001 0.010065104166666691 0.01023437499999987
0 0.6346875 0.8591015604999999 0.010091145833333334 0.01003437499999987
0 0.6602604166666667 0.84028125 0.009150645800000298 0.015807291666666796
0 0.7400848958333334 0.03550780250000007 0.30677083333333327 0.08835937500000002
0 0.8853255208333334 0.12481770833333335 0.012916666666666762 0.020455729166666676
0 0.5990489580000000 0.16619791666666664 0.015664062499999964 0.010945012499999992
0 0.5984044791666666 0.14574018749999993 0.015664060499999964 0.01394531050000001
0 0.3038540666666666 0.24339843749999993 0.08859375000000003 0.27808593749999994
0 0.0970800000000000 0.065204075 0.009114580000000004 0.01580729166666665
0 0.3798697916666667 0.3706690708333333 0.015605 0.013945310500000048
0 0.2431640625 0.12109375 0.019322916666666634 0.016744791666666686
0 0.04334635406666662 0.6872265624999999 0.009856770833333332 0.00805989583333309
0 0.04717447916666669 0.6906249999999999 0.006093750000000009 0.00390625
0 0.04567708333333339 0.680078105 0.0008385416666666754 0.0006041666666666665
0 0.00600260416666664 0.6898697916666666 0.0006197916666666680 0.002210541666666726