0 0.4069040625 0.0506045833333334 0.06972656249999994 0.00305004066666666
0 0.39428385416666667 0.10300781250000002 0.006888020833333286 0.007122395833333332
0 0.4407942708000000 0.19729166666666664 0.005611979166666596 0.005026041666666685
0 0.44830709166666666 0.1900786458333333 0.0033070916666666194 0.0058703958333333015
0 0.7058723958333333 0.79046875 0.033437500000000085 0.00726562499999985
0 0.7064322916666667 0.7429036458333332 0.009739583333333357 0.007083333333333404
0 0.72125 0.80921875 0.004596054166666601 0.0004244791666668086
0 0.7090104166666667 0.8378776041666667 0.00411458333333344 0.0036588541666665955
0 0.5557060458333334 0.8009765624999999 0.04592447906666664 0.02026302083333324
0 0.5751432291666666 0.7960937499999999 0.003645833333333274 0.005130208333333404
0 0.506171875 0.8051002080000004 0.0024048958000000090 0.0001770800000004045
0 0.5383703958333334 0.8087630008333333 0.0004348958333333393 0.0006800916666665955