0 0.486083984375 0.02802089356000382 0.005625 0.009053876478308004
0 0.424072265625 0.024967048488830485 0.08447265625 0.04993429697766097
0 0.097265625 0.06950379763469008 0.05800546875 0.08005768725360366
0 0.266357420875 0.22273324572930356 0.05224609375 0.09032720005024836
0 0.0748046875 0.29336399474375824 0.044920875 0.04993429697766097
0 0.09873046875 0.35742444052430003 0.04345703025 0.05847568988073456
0 0.20923828025 0.4540078843626807 0.03369040625 0.04533508540392904
0 0.2097265625 0.7693823905900030 0.0546875 0.0873850097009067
0 0.498779296875 0.6240787022207622 0.046875 0.06000380077529566
0 0.449950070875 0.5903272000502484 0.0390625 0.04730607608409987
0 0.428466796875 0.6030537450722734 0.02490234375 0.0509053876478308
0 0.586080640625 0.40097240473060764 0.00806640625 0.03088042049934297
0 0.530507578025 0.42007082785808046 0.0003505625 0.03272000502483573
0 0.540005625 0.354796320630749 0.05026953025 0.054533508540392904
0 0.67822265625 0.4090852825229960 0.0400390625 0.05903272000502484
0 0.634033203025 0.5492772667542707 0.03466796875 0.03942080340340656
0 0.795066005625 0.5604323258869908 0.04248046875 0.04402002496704849
0 0.790005625 0.6097240473060760 0.02587890625 0.022996057808659658
0 0.765625 0.507227332457293 0.005625 0.022996057808659658
0 0.832275390625 0.6254927726675427 0.0537009375 0.08672798948750642
0 0.857420875 0.5955978975032852 0.03076070875 0.05509053876478308
0 0.50025390625 0.09099868593955322 0.0390625 0.05847568988073456
0 0.620849609375 0.03699080057687255 0.08447265625 0.08080470747700394
0 0.284423828025 0.43889608922470436 0.052734375 0.05584756898807345
0 0.300279296875 0.39750328505000694 0.06200070875 0.06373093066885677
0 0.0590796875 0.2007227332457293 0.02734375 0.02956636005256242
0 0.396240234375 0.307060629434954 0.00693359375 0.02604980289093297
0 0.44384765625 0.3088042049934297 0.0064453025 0.03206307490044548
0 0.474365234375 0.47000502483574246 0.04443359375 0.09658344283837056
0 0.04892578025 0.3403406557060629 0.02392578025 0.0328505000695038
0 0.034033203025 0.35600038007752957 0.00406005625 0.008396846254927726
0 0.027685546875 0.4454664904586070 0.005625 0.025624078702220762
0 0.060376953025 0.2604980289093298 0.007578025 0.008396846254927726
0 0.05673828025 0.22568988073455978 0.0205078025 0.02956636005256242
0 0.036474609375 0.2007227332457293 0.005625 0.009053876478308004
0 0.5458984375 0.07907204090852825 0.00406005625 0.008396846254927726
0 0.590087890625 0.46977660972404733 0.0654296875 0.07752956636005257
0 0.58056640625 0.5243000082654402 0.0322265625 0.03679369250985545
0 0.55702890625 0.5233245729303548 0.02587890625 0.032094480946023524
0 0.7009040625 0.4430668856767400 0.0322265625 0.04336399474375820
0 0.59423828025 0.3032094480946024 0.00708984375 0.026280208935600037
0 0.6064453025 0.2733245729303548 0.0360328025 0.03603666228646508
0 0.653564453025 0.3840340655706063 0.037009375 0.03942080340340656
0 0.635009765625 0.3347568988073456 0.060546875 0.07808659658344283
0 0.6572265625 0.3383705650459920 0.0458984375 0.06700708278580805
0 0.600572265625 0.6056373093066885 0.0790005625 0.09264026049802890
0 0.220923828025 0.6724704336399474 0.04443359375 0.04204993429697766
0 0.547607420875 0.6208935600038008 0.0205078025 0.02002496704848883
0 0.552000953025 0.720409085282523 0.04638670875 0.054533508540392904
0 0.38037009375 0.0885676740030092 0.07568359375 0.00643889608922470