0 0.75244040625 0.6520024967048489 0.003670875 0.020367936925098553
0 0.862548828025 0.6294349540078844 0.064453025 0.02220762055059032
0 0.897206796875 0.573587385009700 0.02978505625 0.04664904586070959
0 0.96533203025 0.5772000502483574 0.02587890625 0.02430000826544020
0 0.924072265625 0.4852068099737088 0.04050390625 0.07293035479632064
0 0.962058203025 0.32063074900445465 0.02392578025 0.032094480946023524
0 0.98828025 0.3040604467805509 0.0234375 0.06076084099868594
0 0.954345703025 0.402430000826544 0.0790005625 0.00629434954007885
0 0.93408203025 0.3702220762055059 0.02099609375 0.02430000826544020
0 0.856200070875 0.2870222076205506 0.05908203025 0.07687253603666228
0 0.78955078025 0.3459264026049803 0.0673828025 0.06964520367936924
0 0.784423828025 0.2040078843626807 0.03662009375 0.059789750328505004
0 0.730200070875 0.20367936925098554 0.04296875 0.05847568988073456
0 0.657958984375 0.08429697766097242 0.033203025 0.04467805509053877
0 0.44873046875 0.04072040908528252 0.064453025 0.07293035479632064
0 0.408202890625 0.44208034034065574 0.044920875 0.06240787022207622
0 0.462058203025 0.39848883048620237 0.03466796875 0.0509053876478308
0 0.464000328025 0.3676084099868594 0.03857420875 0.0328505000695038
0 0.52000953025 0.6438896089224704 0.0224609375 0.02430000826544020
0 0.5390625 0.5729303547963206 0.09706796875 0.0470747700394208
0 0.577392578025 0.6049802890932983 0.0400390625 0.0683300432325887
0 0.47265625 0.7503285050006952 0.04345703025 0.053209448094602355
0 0.40673828025 0.6383048620236530 0.02880859375 0.04664904586070959
0 0.3250953025 0.8258869908005769 0.0322265625 0.056504599200563734
0 0.29540005625 0.7992772667542707 0.0066005625 0.03482260083968462
0 0.374755859375 0.8050459920056373 0.00708984375 0.020367936925098553
0 0.26600328025 0.8403272000502484 0.06396484375 0.07060629434954007
0 0.274658203025 0.8850097009067007 0.04052734375 0.040735873850097006
0 0.76600328025 0.6980946023520682 0.04296875 0.050248357424440525
0 0.685302734375 0.8097897503285050 0.05908203025 0.00300909842302747
0 0.638427734375 0.269053876478308 0.040005625 0.07030223390275953
0 0.653564453025 0.32063074900445465 0.046875 0.08278580804707477
0 0.85302734375 0.22733245729303547 0.020484375 0.03603666228646508
0 0.6748046875 0.4632063074900445 0.09228505625 0.0425755584756899
0 0.652099609375 0.5097009067007083 0.0966796875 0.04090852825229960
0 0.530494040625 0.48290720409085285 0.07077734375 0.05847568988073456
0 0.76503670875 0.0504454664904586 0.0244040625 0.03053745072273324
0 0.760474609375 0.02680683300432325 0.003670875 0.009053876478308004
0 0.705078025 0.07808659658344283 0.00904296875 0.02002496704848883
0 0.800767578025 0.202365308804205 0.003670875 0.023653088042049936
0 0.83740234375 0.20287779237844942 0.02097265625 0.02759526938239059
0 0.863037009375 0.20006570302233903 0.003670875 0.020367936925098553
0 0.9755859375 0.20037976346900957 0.00953025 0.023653088042049936
0 0.758056640625 0.7460578086596584 0.003670875 0.009053876478308004
0 0.479248046875 0.620550590327200 0.056640625 0.0873850097009067
0 0.447265625 0.5854039290407359 0.02685546875 0.042706964520367936
0 0.45849609375 0.5578086596583443 0.0234375 0.03482260083968462
0 0.44040625 0.7798948750642576 0.0322265625 0.042706964520367936
0 0.587646484375 0.702365308804205 0.00953025 0.022339027595269383
0 0.600806640625 0.7306076084099869 0.0263670875 0.047963206307490046
0 0.507080078025 0.7368593955320945 0.02880859375 0.049277266754270695
0 0.548095703025 0.7368593955320945 0.0576070875 0.08080470747700394
0 0.53564453025 0.760826544020025 0.04930640625 0.06044678055090539
0 0.372802734375 0.580043232588699 0.06787009375 0.00578086596583443
0 0.500962890625 0.08837056504599200 0.03076070875 0.059789750328505004
0 0.3984375 0.5022996057808659 0.005625 0.026938239059000305
0 0.32958984375 0.460892247043364 0.0400390625 0.06240787022207622
0 0.760498046875 0.4980289093298292 0.07860328025 0.00052562407870222