0 0.3720703025 0.40505903272000503 0.03955078025 0.045992005637309305
0 0.200904296875 0.6987506425755584 0.0732420875 0.09592640260498029
0 0.042822265625 0.40340655706062944 0.06298828025 0.07424440524300009
0 0.676025390625 0.3327858080470748 0.02685546875 0.03350854039290407
0 0.588034765625 0.7045203679369250 0.0360328025 0.030223390275952694
0 0.6023046875 0.7250328505000695 0.00308359375 0.02002496704848883
0 0.550503670875 0.9007884362680684 0.04296875 0.0657030223390276
0 0.775046484375 0.8070070827858082 0.044920875 0.032094480946023524
0 0.802255859375 0.892904073587385 0.007578025 0.02759526938239059
0 0.759033203025 0.7332457293035479 0.0458984375 0.052562407870222074
0 0.46042578025 0.878777923784494 0.02978505625 0.030223390275952694
0 0.578369040625 0.4894875064257556 0.02099609375 0.03942080340340656
0 0.69482420875 0.5338370565045992 0.0947265625 0.07060629434954007
0 0.680908203025 0.5758869908005769 0.02783203025 0.030223390275952694
0 0.398680640625 0.7782522996057809 0.03076070875 0.03800775295663600
0 0.39599609375 0.9783080026280209 0.0360328025 0.040735873850097006
0 0.258056640625 0.5755584756898807 0.007578025 0.007739806030537452
0 0.303955078025 0.36300909842302745 0.05702890625 0.06767400300909843
0 0.343994040625 0.36498028909329827 0.02000953025 0.020680997370879005
0 0.308603505625 0.33344283837056504 0.03564453025 0.04204993429697766
0 0.02060546875 0.08823905900030405 0.03073828025 0.0328505000695038
0 0.09423828025 0.05867279894875064 0.0085546875 0.024967048488830485
0 0.276023046875 0.0609724047306076 0.00376953025 0.08528252299605782
0 0.072009040625 0.0460892247043364 0.090796875 0.06030537450722733
0 0.20458984375 0.09625492772667543 0.02685546875 0.03088042049934297
0 0.236328025 0.0376478308002628 0.0576070875 0.08804204993429698
0 0.7909920875 0.7003942080340340 0.033203025 0.06307490044546649
0 0.803955078025 0.7460578086596584 0.0085546875 0.0328505000695038
0 0.400400390625 0.48653088042049936 0.007578025 0.026938239059000305
0 0.375732420875 0.7207477003942080 0.033203025 0.04007884362680683