0 0.43798828025 0.24004454664904586 0.05702890625 0.053209448094602355
0 0.08359375 0.27035348226008396 0.03466796875 0.035479632063074903
0 0.459706796875 0.47864650773980604 0.04833984375 0.04039290407358739
0 0.4072265625 0.3590670070827858 0.0439453025 0.04664904586070959
0 0.564453025 0.37943495400788435 0.02490234375 0.04402002496704849
0 0.42333984375 0.43823905900030405 0.07763670875 0.07490044546649045
0 0.589000328025 0.5584756898807346 0.03720703025 0.03206307490044548
0 0.22009040625 0.6363337703534822 0.02392578025 0.030223390275952694
0 0.49755859375 0.2457293035479632 0.02685546875 0.022339027595269383
0 0.6689453025 0.30780865965834426 0.0085546875 0.005000695037976347
0 0.6070875 0.42575558475689884 0.02685546875 0.032094480946023524
0 0.643300546875 0.4244405243000083 0.0439453025 0.047963206307490046
0 0.780982420875 0.230946023520682 0.03505625 0.03800775295663600
0 0.803466796875 0.55946023520682 0.202890625 0.2076205505903272
0 0.83056640625 0.3009098423027464 0.33447265625 0.3968462549277267
0 0.7724609375 0.05505903272000503 0.083984375 0.08475689880734559
0 0.40259765625 0.6363337703534822 0.00007420875 0.04650773980603053
0 0.378073828025 0.32424440524300006 0.005625 0.026280208935600037
0 0.2909920875 0.23948750642575558 0.00806640625 0.023653088042049936
0 0.670875 0.6550590327200050 0.0634765625 0.0900030406044678
0 0.686279296875 0.5097009067007083 0.02099609375 0.026280208935600037
0 0.868896484375 0.00906700708278580 0.0283203025 0.035479632063074903
0 0.82275390625 0.007227332457293035 0.0340796875 0.00445466490458607
0 0.8005234375 0.023653088042049936 0.03025 0.03800775295663600
0 0.8093359375 0.06000826544020025 0.064453025 0.05387647830800263
0 0.250220703025 0.49900445466490456 0.02978505625 0.03745072273324573
0 0.09482420875 0.5676740030090985 0.00503670875 0.00970090670070828
0 0.3876953025 0.5059032720005025 0.0302734375 0.042706964520367936
0 0.50600328025 0.4073587385009700 0.0234375 0.03053745072273324
0 0.56494040625 0.4036005256240787 0.007578025 0.007739806030537452
0 0.962058203025 0.5555090538764783 0.07568359375 0.3005768725360367
0 0.93700070875 0.42400300909842305 0.0498046875 0.06076084099868594
0 0.947998046875 0.4645203679369250 0.03466796875 0.04039290407358739
0 0.952392578025 0.5226675427069645 0.04248046875 0.06044678055090539