0 0.370849609375 0.5909842302746386 0.0400390625 0.04664904586070959
0 0.204345703025 0.2940200249670485 0.07373046875 0.09724047306076084
0 0.0406005625 0.5883705650459922 0.0634765625 0.07555847568988074
0 0.673828025 0.6700563730930669 0.02685546875 0.03350854039290407
0 0.5908203025 0.28745072273324573 0.0360328025 0.03053745072273324
0 0.605234375 0.2779237844940867 0.00308359375 0.020680997370879005
0 0.556640625 0.00052562407870222 0.04345703025 0.06636005256240786
0 0.779052734375 0.0895532094480946 0.044920875 0.0328505000695038
0 0.8073828025 0.00432325886990802 0.00806640625 0.02759526938239059
0 0.76220703025 0.2726675427069645 0.04638670875 0.053209448094602355
0 0.46630859375 0.0202365308804205 0.02978505625 0.03088042049934297
0 0.578369040625 0.5024835742444053 0.020484375 0.03942080340340656
0 0.6953025 0.4707620550590327 0.09520484375 0.07293035479632064
0 0.680884765625 0.4283837056504599 0.02783203025 0.03088042049934297
0 0.40234375 0.20944809460235208 0.03076070875 0.03876478308002628
0 0.402099609375 0.020039420803403406 0.03662009375 0.04007884362680683
0 0.259033203025 0.4088567674003009 0.00806640625 0.008396846254927726
0 0.30224609375 0.6323905900030406 0.0576070875 0.0683300432325887
0 0.34228505625 0.6304060446780552 0.02000953025 0.022339027595269383
0 0.30640625 0.6622864650773982 0.0360328025 0.042706964520367936
0 0.006455078025 0.8025624078702220 0.0322265625 0.03350854039290407
0 0.08984375 0.8308002628020894 0.00904296875 0.025624078702220762
0 0.270728505625 0.8337703534822602 0.00572265625 0.08725360366622864
0 0.06748046875 0.8459264026049802 0.09326070875 0.0606294349540079
0 0.099462890625 0.8965077398060306 0.02734375 0.03053745072273324
0 0.230689453025 0.8560003800775296 0.05859375 0.08935600038007753
0 0.79443359375 0.30650459920056376 0.0340796875 0.06373093066885677
0 0.80702890625 0.2600695037976347 0.00904296875 0.0328505000695038
0 0.400400390625 0.5004980289093298 0.007578025 0.026938239059000305
0 0.378662009375 0.2756240787022208 0.03369040625 0.040735873850097006