0 0.697020484375 0.43462549277266754 0.0360328025 0.07555847568988074
0 0.690650390625 0.09032720005024836 0.0244040625 0.04533508540392904
0 0.5085546875 0.44743758202877793 0.0283203025 0.06373093066885677
0 0.600083984375 0.38534822600839686 0.0322265625 0.05706062943495400
0 0.5849609375 0.5949408672798949 0.03073828025 0.03088042049934297
0 0.55026953025 0.4004454664904586 0.05026953025 0.00083968462549277
0 0.450439453025 0.6056373093066885 0.0908203025 0.0800262802089356
0 0.408202890625 0.00629434954007885 0.020484375 0.03088042049934297
0 0.6884765625 0.504454664904586 0.00503670875 0.035479632063074903
0 0.630605234375 0.7400445466490459 0.00025390625 0.02430000826544020
0 0.546875 0.6622864650773982 0.0224609375 0.03482260083968462
0 0.5458984375 0.6977660972404730 0.03369040625 0.05706062943495400
0 0.6796875 0.897503285050007 0.0263670875 0.045992005637309305
0 0.433837890625 0.8804060446780552 0.04000328025 0.2370879006438896
0 0.604003670875 0.8702365308804205 0.25830078025 0.259526938239059
0 0.73680640625 0.8899474375820288 0.05859375 0.00972404730607609
0 0.405029296875 0.3730930668856767 0.0044920875 0.02943495400788435
0 0.638906005625 0.3485545335085404 0.0085546875 0.00970090670070828
0 0.70750953025 0.2388304862023653 0.0066005625 0.022996057808659658
0 0.373046875 0.7200050248357424 0.06396484375 0.08047074770039420
0 0.472402009375 0.7486859395532095 0.00806640625 0.02759526938239059
0 0.80029296875 0.9306833004323259 0.02978505625 0.028252299605780867
0 0.50806640625 0.0662286465077398 0.0263670875 0.03876478308002628
0 0.470947265625 0.08574244405243000 0.00406005625 0.00970090670070828
0 0.50340796875 0.34888304862023656 0.0302734375 0.03876478308002628
0 0.567626953025 0.5282522996057809 0.0224609375 0.030223390275952694
0 0.559326070875 0.592969776609724 0.00220703025 0.022996057808659658