0 0.70066005625 0.3469009579500657 0.05224609375 0.05780865965834428
0 0.89500953025 0.8603666228646508 0.0283203025 0.03745072273324573
0 0.256003505625 0.8040604467805509 0.03073828025 0.04402002496704849
0 0.00080640625 0.09099868593955322 0.00806640625 0.007082785808047074
0 0.722402009375 0.06228646507739807 0.00708984375 0.026280208935600037
0 0.362548828025 0.03745072273324573 0.03076070875 0.026938239059000305
0 0.34228505625 0.06438896089224705 0.0205078025 0.04402002496704849
0 0.780507578025 0.009526938239059002 0.03076070875 0.009053876478308004
0 0.70703025 0.03797634690095795 0.00220703025 0.00445466490458607
0 0.206796875 0.5032850500069504 0.00406005625 0.022339027595269383
0 0.27490234375 0.8334428383705650 0.00953025 0.007739806030537452