0 0.377097265625 0.6067674003009098 0.0380859375 0.042706964520367936
0 0.092038670875 0.3295006570302234 0.0693359375 0.09067007082785808
0 0.048680640625 0.6300909842302747 0.06005859375 0.06964520367936924
0 0.68408203025 0.650030406044678 0.025390625 0.03053745072273324
0 0.57666005625 0.2775952693823906 0.03505625 0.02759526938239059
0 0.600340796875 0.26500069503797633 0.00220703025 0.020367936925098553
0 0.530507578025 0.09526938239059000 0.04052734375 0.06240787022207622
0 0.758056640625 0.05800576872536036 0.0439453025 0.028252299605780867
0 0.790259765625 0.07884362680683300 0.0066005625 0.026280208935600037
0 0.746337890625 0.24277266754270696 0.0439453025 0.04862023653088042
0 0.44089453025 0.02582028777923784 0.02880859375 0.028252299605780867
0 0.578857420875 0.5032850500069504 0.00953025 0.03800775295663600
0 0.692626953025 0.4480946023520682 0.0927734375 0.06373093066885677
0 0.676503670875 0.4073587385009700 0.02685546875 0.028252299605780867
0 0.384520484375 0.23093066885676740 0.029296875 0.035479632063074903
0 0.37058203025 0.03252299605780866 0.03466796875 0.03800775295663600
0 0.254638670875 0.44743758202877793 0.00708984375 0.0064257555847569
0 0.3005234375 0.6550590327200050 0.0546875 0.06307490044546649
0 0.350308359375 0.6494743758202878 0.00953025 0.020367936925098553
0 0.32763670875 0.6829829072040908 0.0340796875 0.03942080340340656
0 0.0376953025 0.8465834428383706 0.03076070875 0.030223390275952694
0 0.003037009375 0.878777923784494 0.007578025 0.023653088042049936
0 0.294089453025 0.859395532094480 0.00595703025 0.07870222076205507
0 0.090062009375 0.8837056504599200 0.0849609375 0.05505903272000503
0 0.226308359375 0.9303547963206308 0.02587890625 0.02890932982907204
0 0.255859375 0.8863337703534822 0.05409920875 0.08475689880734559
0 0.780005859375 0.2726675427069645 0.03076070875 0.06000380077529566
0 0.79052734375 0.22600839684625494 0.007578025 0.03053745072273324
0 0.400376953025 0.5206809973708790 0.0066005625 0.025624078702220762
0 0.36474609375 0.2907358738500970 0.03073828025 0.03745072273324573