0 0.2998046875 0.5433639947437582 0.0400390625 0.07752956636005257
0 0.204833984375 0.22470433639947437 0.02685546875 0.04664904586070959
0 0.4677734375 0.46056373093066883 0.03073828025 0.06504599200563732
0 0.364500953025 0.45269382390590003 0.03505625 0.059789750328505004
0 0.449462890625 0.6320630749004454 0.03270484375 0.03350854039290407
0 0.42430640625 0.4359395532094480 0.056640625 0.00502483574244405
0 0.579345703025 0.5804862023653088 0.00009765625 0.08528252299605782
0 0.4638670875 0.0038007752956636 0.02294920875 0.0328505000695038
0 0.33056640625 0.6023520680997370 0.00708984375 0.03603666228646508
0 0.449462890625 0.7897503285050007 0.00070875 0.024967048488830485
0 0.504050390625 0.6740030090984230 0.02392578025 0.03603666228646508
0 0.50503670875 0.7063074900445466 0.0360328025 0.05903272000502484
0 0.449950070875 0.9602496704848883 0.02880859375 0.047963206307490046
0 0.67578025 0.8300576872536037 0.05478505625 0.2752956636005256
0 0.50244040625 0.8797634690095795 0.267578025 0.240473060760840
0 0.395263670875 0.9632063074900446 0.06396484375 0.0735873850097009
0 0.550537009375 0.33344283837056504 0.00986328025 0.03797634690095795
0 0.328025 0.4336399474375820 0.00953025 0.020680997370879005
0 0.233054296875 0.36892247043363996 0.00806640625 0.02430000826544020
0 0.6806640625 0.635676740030092 0.0673828025 0.08672798948750642
0 0.59765625 0.7045203679369250 0.00953025 0.02890932982907204
0 0.386474609375 0.202365308804205 0.02783203025 0.040735873850097006
0 0.406494040625 0.00348226008396846 0.00503670875 0.020367936925098553
0 0.452880859375 0.36268068330043233 0.0322265625 0.04039290407358739
0 0.446044920875 0.5604323258869908 0.0234375 0.03053745072273324
0 0.472402009375 0.6069503797634690 0.00308359375 0.023653088042049936