0 0.280507578025 0.5985545335085404 0.04736328025 0.04862023653088042
0 0.06357420875 0.04402002496704849 0.02490234375 0.0328505000695038
0 0.783935546875 0.2542706964520368 0.02783203025 0.03876478308002628
0 0.8232420875 0.9970433639947438 0.0066005625 0.005903272000502484
0 0.233642578025 0.7743000082654402 0.0046484375 0.023653088042049936
0 0.5693359375 0.9890590003040604 0.02880859375 0.02002496704848883
0 0.593007578025 0.9680340340655706 0.00600328025 0.04039290407358739
0 0.053076070875 0.9208278580804707 0.02685546875 0.03876478308002628
0 0.24560546875 0.8022339027595269 0.0007420875 0.000826544020024968
0 0.7783203025 0.5696452036793692 0.00220703025 0.00970090670070828
0 0.76806640625 0.23028909329829072 0.00806640625 0.00445466490458607