0 0.42333984375 0.04224704336399474 0.00406005625 0.0064257555847569
0 0.456298828025 0.00740030090984230 0.08349609375 0.03482260083968462
0 0.706298828025 0.054862023653088045 0.0507578025 0.07227332457293036
0 0.65380859375 0.03567674003009098 0.0439453025 0.08540392904073587
0 0.75732420875 0.06228646507739807 0.04050390625 0.042706964520367936
0 0.750244040625 0.23324572930354795 0.0390625 0.0509053876478308
0 0.75439453025 0.33344283837056504 0.0302734375 0.040735873850097006
0 0.830078025 0.6320630749004454 0.04736328025 0.08005768725360366
0 0.53025 0.6069503797634690 0.0409920875 0.054533508540392904
0 0.5693359375 0.5643889608922470 0.03564453025 0.04039290407358739
0 0.592529296875 0.5663600525624078 0.00953025 0.04993429697766097
0 0.39697265625 0.4533508540392904 0.00503670875 0.028252299605780867
0 0.450904296875 0.4375820287779238 0.0005859375 0.00563730930668857
0 0.426025390625 0.3807490044546649 0.04736328025 0.04664904586070959
0 0.30200070875 0.5006425755584757 0.03505625 0.053209448094602355
0 0.38525390625 0.6050248357424440 0.0322265625 0.03350854039290407
0 0.23583984375 0.6875820287779238 0.03955078025 0.03745072273324573
0 0.250220703025 0.730946023520682 0.02490234375 0.008396846254927726
0 0.250732420875 0.6228646507739806 0.003670875 0.02002496704848883
0 0.20630859375 0.764026049802890 0.04638670875 0.08005768725360366
0 0.085302734375 0.7467048488830486 0.025390625 0.0509053876478308
0 0.390357420875 0.0076084099868594 0.03369040625 0.053209448094602355
0 0.2978505625 0.20992005637309307 0.07958984375 0.06636005256240786
0 0.689208984375 0.3478975032850500 0.048828025 0.04730607608409987
0 0.653564453025 0.3203022339027595 0.05800546875 0.05387647830800263
0 0.749755859375 0.06767400300909843 0.025390625 0.024967048488830485
0 0.55026953025 0.2723390275952694 0.09765625 0.00972404730607609
0 0.5068359375 0.29467805509053875 0.0966796875 0.00629434954007885
0 0.50708984375 0.4602496704848883 0.03505625 0.09329829072040908
0 0.79345703025 0.09503797634690096 0.020484375 0.02956636005256242
0 0.80003505625 0.20367936925098554 0.0026953025 0.0064257555847569
0 0.8388670875 0.2854796320630749 0.003670875 0.023653088042049936
0 0.762450070875 0.02604980289093297 0.0066005625 0.00576872536036662
0 0.758056640625 0.09034065570606294 0.00806640625 0.026938239059000305
0 0.770240234375 0.05780865965834428 0.00406005625 0.0064257555847569
0 0.354736328025 0.02087900643889608 0.0026953025 0.0064257555847569
0 0.407470703025 0.5008409986859396 0.06005859375 0.06767400300909843
0 0.4296875 0.5584756898807346 0.02978505625 0.03053745072273324
0 0.45066005625 0.5473060760840998 0.0234375 0.028252299605780867
0 0.285888670875 0.5390932982907204 0.02880859375 0.03876478308002628
0 0.363037009375 0.35502483574244403 0.0046484375 0.02430000826544020
0 0.344482420875 0.3324572930354796 0.03369040625 0.030223390275952694
0 0.32666005625 0.4576205505903272 0.03466796875 0.03350854039290407
0 0.33250953025 0.4030880420499343 0.0546875 0.06964520367936924
0 0.302255859375 0.4059000304060447 0.0400390625 0.06044678055090539
0 0.422607420875 0.6580057687253604 0.07275390625 0.08005768725360366
0 0.8046875 0.5403929040735874 0.04248046875 0.03406557060629435
0 0.484375 0.6350097009067007 0.00904296875 0.007739806030537452
0 0.50439453025 0.7322600839684626 0.04248046875 0.04730607608409987
0 0.537840796875 0.05340655706062944 0.06689453025 0.09592640260498029