0 0.4239313485576923 0.3258547379807692 0.4076697644230769 0.3356837620192307 0.41047410576923077 0.3523504350961538 0.4263344254807692 0.33696581009615384 0.4239313485576923 0.3258547379807692
0 0.37010244951923077 0.43098291826923074 0.3529822644230769 0.4414529927884615 0.3561645985576923 0.4540598509615385 0.3715442740384616 0.4438034326923077 0.37010244951923077 0.43098291826923074
0 0.5363953365384615 0.5309829254807692 0.5359146923076923 0.5079059975961538 0.5074293798076923 0.5098290600961538 0.505635951923077 0.5198717884615385 0.5099614951923077 0.526709423076923 0.5363953365384615 0.5309829254807692
0 0.04567307692307692 0.8413461538461539 0.020432692307692308 0.015625
0 0.9795673076923077 0.5997596153846154 0.020432692307692308 0.015625
0 0.2874269182692308 0.0931372716346154 0.2841739375 0.09901960817307692 0.2940424591346154 0.14019607451923077 0.3002904471153846 0.13562093028846153 0.2874269182692308 0.0931372716346154
0 0.29514502884615385 0.08071895913461538 0.2915268798076923 0.08267973798076923 0.3047007860576923 0.13169934615384615 0.30984620432692306 0.12712418028846154 0.29514502884615385 0.08071895913461538
0 0.3271201009615385 0.056535949519230765 0.3209386418269231 0.06225490384615385 0.3374109038461538 0.12254903365384616 0.34439396875 0.11535947836538461 0.3271201009615385 0.056535949519230765
0 0.3473342139423077 0.045424831730769236 0.3420783485576923 0.05 0.35174455528846155 0.09117646634615384 0.35725749519230765 0.08725490625 0.3473342139423077 0.045424831730769236
0 0.3546848004807692 0.03431374278846154 0.3494312908653846 0.03937908653846153 0.3653431298076923 0.10098038701923076 0.3715911442307692 0.09575163461538462 0.3546848004807692 0.03431374278846154
0 0.3631379591346154 0.020588235576923075 0.3577033485576923 0.02712418269230769 0.37342879326923073 0.09836602403846154 0.38224950240384614 0.0931372716346154 0.3631379591346154 0.020588235576923075
0 0.37195866826923074 0.014705899038461537 0.3668945264423077 0.020588235576923075 0.38224950240384614 0.08660132211538461 0.3914377355769231 0.07941176442307693 0.37195866826923074 0.014705899038461537
0 0.3892325384615385 0.0022875865384615387 0.38205996634615386 0.009150326923076922 0.4009934927884615 0.06699347836538462 0.40871163221153844 0.06307189663461538 0.3892325384615385 0.0022875865384615387