0 0.5084134615384616 0.4987980769230769 0.1141826923076923 0.039663461538461536
0 0.5096153846153846 0.5348557692307693 0.09975961538461539 0.030048076923076924
0 0.4026442307692308 0.5432692307692307 0.0673076923076923 0.028846153846153848
0 0.3137019230769231 0.5144230769230769 0.0733173076923077 0.028846153846153848
0 0.31490384615384615 0.5408653846153846 0.0673076923076923 0.027644230769230768
0 0.2512019230769231 0.5276442307692307 0.04927884615384615 0.018028846153846152
0 0.25 0.5456730769230769 0.052884615384615384 0.016826923076923076
0 0.1982543870192308 0.4883169975961538 0.20358355048076923 0.4938725576923077 0.22857554567307695 0.5138072163461538 0.23114826682692308 0.5040032956730769 0.21240426201923077 0.4873366105769231 0.1972340264423077 0.4772058822115385 0.1962329639423077 0.4811274543269231 0.19696802644230768 0.48406863461538463 0.1982543870192308 0.4883169975961538
0 0.2056049735576923 0.5095588293269231 0.22416520432692308 0.5232843100961538 0.22655414903846155 0.51315359375 0.22177625721153846 0.5079248413461538 0.2002757956730769 0.49289215384615387 0.19608512980769233 0.4935457524038461 0.1967842644230769 0.5000816995192308 0.19843814903846152 0.5036764783653847 0.2056049735576923 0.5095588293269231
0 0.16830073798076925 0.4723039230769231 0.18079674278846153 0.4794934663461538 0.1828181514423077 0.47393790865384616 0.18024544230769232 0.47099674038461536 0.1749162644230769 0.4667483629807692 0.17032214663461537 0.4621732091346154 0.16480920673076924 0.4595588317307693 0.1611586610576923 0.4592320264423077 0.16186897596153849 0.46511437740384615 0.16260403846153848 0.46870915625000004 0.16830073798076925 0.4723039230769231
0 0.17951038221153848 0.4883169975961538 0.18024544230769232 0.48472221875 0.1785915576923077 0.4794934663461538 0.17271109375 0.4752451033653846 0.16297156009615385 0.46870915625000004 0.15840130769230767 0.4690359495192308 0.1603988533653846 0.4772058822115385 0.16517674519230768 0.4811274543269231 0.17730521153846152 0.4883169975961538 0.17951038221153848 0.4883169975961538
0 0.1370607451923077 0.4530228822115384 0.14533015384615383 0.4618464038461539 0.1464327403846154 0.45498366346153846 0.14312498557692307 0.4425653653846154 0.12382969471153847 0.40661764663461536 0.11887924759615384 0.41307189663461535 0.11923557692307692 0.4196895480769231 0.12456474038461537 0.4308006514423077 0.1370607451923077 0.4530228822115384