0 0.15625 0.21514423076923078 0.010817307692307692 0.06009615384615385
0 0.12860576923076922 0.21754807692307693 0.009615384615384616 0.06009615384615385
0 0.18269230769230768 0.21754807692307693 0.01201923076923077 0.06129807692307692
0 0.1971153846153846 0.21754807692307693 0.009615384615384616 0.05889423076923077
0 0.2091346153846154 0.2247596153846154 0.01201923076923077 0.0733173076923077
0 0.23798076923076922 0.21875 0.013221153846153846 0.056490384615384616
0 0.25240384615384615 0.22355769230769232 0.010817307692307692 0.0673076923076923
0 0.31850961538461536 0.39783653846153844 0.007211538461538462 0.036057692307692304
0 0.109375 0.40625 0.009615384615384616 0.046875
0 0.0625 0.4098557692307692 0.008413461538461538 0.04927884615384615
0 0.046875 0.4110576923076923 0.004807692307692308 0.03245192307692308
0 0.038461538461538464 0.4074519230769231 0.007211538461538462 0.03125
0 0.016826923076923076 0.40384615384615385 0.006009615384615385 0.039663461538461536
0 0.002403846153846154 0.40384615384615385 0.004807692307692308 0.03365384615384615
0 0.07211538461538461 0.40865384615384615 0.007211538461538462 0.036057692307692304
0 0.3713942307692308 0.4206730769230769 0.006009615384615385 0.030048076923076924
0 0.24076226201923076 0.3945833341346154 0.24107463221153846 0.3834722211538461 0.21264624278846153 0.38791666346153847 0.2076478485576923 0.392361125 0.20702303365384617 0.39958334134615386 0.21420824278846154 0.4018055504807692 0.24076226201923076 0.3945833341346154
0 0.24263663221153847 0.3984722692307692 0.20827263942307692 0.4023611201923077 0.20287597115384617 0.40916666586538464 0.22108103124999998 0.4145833245192308 0.24357384134615384 0.41125 0.24263663221153847 0.3984722692307692
0 0.02520627403846154 0.3940277860576923 0.022707076923076924 0.3990277740384615 0.020844721153846155 0.4126388894230769 0.025831064903846155 0.41625000721153843 0.027080668269230772 0.40291666586538466 0.02520627403846154 0.3940277860576923
0 0.03457827163461538 0.4056944447115385 0.0336410625 0.39791668028846156 0.03176666826923077 0.3940277860576923 0.02770548317307692 0.40402780528846155 0.02833027403846154 0.41625000721153843 0.03332866826923077 0.4190277860576923 0.03457827163461538 0.4056944447115385
0 0.3419798245192308 0.23458333653846156 0.3372938269230769 0.2223611105769231 0.33256347115384616 0.21680555528846154 0.33229540865384616 0.23347222115384614 0.33573182692307696 0.2551388966346154 0.34260461538461534 0.25180555048076925 0.3419798245192308 0.23458333653846156