0 0.07932692307692307 0.4567307692307692 0.013221153846153846 0.010817307692307692
0 0.15745192307692307 0.4567307692307692 0.016826923076923076 0.009615384615384616
0 0.20072115384615385 0.5024038461538461 0.015625 0.009615384615384616
0 0.12620192307692307 0.5060096153846154 0.015625 0.009615384615384616
0 0.057692307692307696 0.5012019230769231 0.018028846153846152 0.009615384615384616
0 0.375 0.4831730769230769 0.02403846153846154 0.01201923076923077
0 0.4545206514423077 0.42777778365384617 0.46790922115384614 0.42500000240384617 0.4670166634615385 0.41230158653846155 0.4319832307692308 0.4170634951923077 0.42867256971153844 0.42172618990384614 0.43086751682692304 0.4293650769230769 0.4362229495192308 0.4301587307692308 0.4545206514423077 0.42777778365384617
0 0.8208582524038461 0.42152778125 0.8230896802884615 0.41716270913461534 0.8210813750000001 0.41279762019230765 0.8177342331730769 0.4135912740384615 0.8110399639423077 0.41994047355769226 0.7897216754807693 0.44553571634615385 0.7931885384615385 0.4556547596153846 0.8128250961538461 0.4346230168269231 0.8208582524038461 0.42152778125
0 0.8954326923076923 0.34975961538461536 0.016826923076923076 0.009615384615384616
0 0.9123750360576923 0.3180555552884616 0.9117056009615384 0.3069444471153846 0.8998790264423077 0.3125000096153846 0.8957484615384614 0.3160714302884615 0.8974244567307692 0.32202381009615383 0.9023336105769231 0.3216269903846154 0.9123750360576923 0.3180555552884616
0 0.7692307692307693 0.8954326923076923 0.009615384615384616 0.040865384615384616
0 0.9340917331730769 0.6588235408653845 0.925638548076923 0.6320261394230768 0.9215820264423077 0.6366013076923077 0.9293138413461539 0.6620915144230769 0.9351943052884616 0.6705882403846153 0.9340917331730769 0.6588235408653845
0 0.9359293798076924 0.6516339807692308 0.9340917331730769 0.6385620865384615 0.9270967307692307 0.6292483677884615 0.9267411466346154 0.6392156971153846 0.9362969038461538 0.6588235408653845 0.9359293798076924 0.6516339807692308
0 0.9699519230769231 0.6875 0.020432692307692308 0.009615384615384616
0 0.9321475120192309 0.7815170865384615 0.9350312139423077 0.7798077115384616 0.9357521274038461 0.772542735576923 0.9350312139423077 0.7622863173076924 0.93099834375 0.7618589759615385 0.9304653653846154 0.7686965745192308 0.930705670673077 0.7742521442307692 0.9321475120192309 0.7815170865384615
0 0.9113560865384615 0.865384625 0.9091933317307692 0.8606837620192308 0.9060693245192308 0.8594017115384616 0.9067902548076923 0.8675213774038462 0.9113560865384615 0.8769230745192308 0.9144800937500001 0.8730769302884615 0.9113560865384615 0.865384625
0 0.9174036610576923 0.8675064615384614 0.915078826923077 0.8613049086538461 0.9121298125 0.8569767451923076 0.9124633798076923 0.8628553004807693 0.9158053365384615 0.8706072379807692 0.9174036610576923 0.8675064615384614
0 0.9072325 0.8874031057692308 0.9043264543269232 0.8827519447115384 0.9014103365384615 0.8818475456730769 0.9033093413461538 0.8897286802884616 0.9072325 0.897222235576923 0.9099932451923076 0.8915374687500001 0.9072325 0.8874031057692308
0 0.9067965889423076 0.9003230024038462 0.9037452427884615 0.8951550432692308 0.9017110072115385 0.8917958725961538 0.8992301033653847 0.8915374687500001 0.8998220841346154 0.8977390216346154 0.902582829326923 0.9026485865384615 0.9051982644230769 0.9062661634615385 0.9067965889423076 0.9003230024038462
0 0.9182754711538461 0.8545865649038462 0.9141283581730769 0.850193798076923 0.9144976153846154 0.8561369495192307 0.9174036610576923 0.8638888870192307 0.9203097067307693 0.8594961298076923 0.9182754711538461 0.8545865649038462
0 0.9121727788461539 0.8812015504807692 0.9105744567307692 0.877583985576923 0.9082496105769231 0.8742248052884616 0.9052257427884616 0.8721576225961538 0.9057794759615384 0.8793927620192308 0.9089761225961539 0.8830103581730769 0.9110103581730769 0.8863695096153846 0.9121727788461539 0.8812015504807692
0 0.9009844951923077 0.9292635625 0.9028734302884616 0.9233204230769231 0.9020016177884614 0.9160852716346154 0.8992408725961538 0.920478048076923 0.8966254278846153 0.9269379975961538 0.8950513245192308 0.9341731274038462 0.8973519399038461 0.9377907019230769 0.8988049615384616 0.9362403173076923 0.9009844951923077 0.9292635625
0 0.8931689711538462 0.9640826899038462 0.8931689711538462 0.9614987091346153 0.8905091730769231 0.9603359182692308 0.8867756778846154 0.9720930216346153 0.8869209783653846 0.97855296875 0.890117625 0.9731266370192307 0.8931689711538462 0.9640826899038462