0 0.52734375 0.91796875 0.0703125 0.015625
0 0.41484375 0.91875 0.090625 0.015625
0 0.459375 0.85859375 0.2515625 0.0359375
0 0.74921875 0.865625 0.0546875 0.0125
0 0.75390625 0.8296875 0.046875 0.0078125
0 0.76796875 0.79453125 0.015625 0.00625
0 0.70703125 0.82890625 0.046875 0.009375
0 0.73515625 0.79921875 0.065625 0.015625
0 0.72890625 0.7703125 0.009375 0.0125
0 0.69296875 0.76875 0.0625 0.0140625
0 0.775 0.771875 0.05 0.0109375
0 0.82578125 0.771875 0.034375 0.009375
0 0.8703125 0.7734375 0.0421875 0.0078125
0 0.41015625 0.69375 0.0359375 0.0125
0 0.271875 0.6875 0.190625 0.0296875
0 0.5515625 0.6109375 0.0359375 0.0109375
0 0.54921875 0.5953125 0.05625 0.0109375