0 0.20859375 0.625 0.0390625 0.0546875
0 0.20390625 0.6921875 0.021875 0.028125
0 0.221875 0.6875 0.0234375 0.040625
0 0.22109375 0.734375 0.034375 0.05
0 0.19296875 0.7328125 0.0265625 0.046875
0 0.21953125 0.79921875 0.028125 0.0609375
0 0.215625 0.90078125 0.0546875 0.1109375
0 0.0359375 0.91953125 0.0359375 0.05625
0 0.2875 0.625 0.04375 0.059375
0 0.51484375 0.7875 0.03125 0.075
0 0.35 0.36171875 0.15 0.05625
0 0.14296875 0.28515625 0.0515625 0.0171875
0 0.1421875 0.32734375 0.053125 0.025
0 0.10625 0.3375 0.0171875 0.021875
0 0.13203125 0.30703125 0.021875 0.0125