0 0.521875 0.57890625 0.03125 0.034375
0 0.53359375 0.50859375 0.03125 0.0265625
0 0.5671875 0.51875 0.021875 0.0234375
0 0.6 0.378125 0.0375 0.0296875
0 0.5609375 0.3515625 0.0296875 0.025
0 0.42109375 0.41875 0.03125 0.021875
0 0.459375 0.41953125 0.021875 0.021875
0 0.45859375 0.39609375 0.01875 0.01875
0 0.43125 0.33359375 0.028125 0.025
0 0.471875 0.3234375 0.03125 0.0234375
0 0.4796875 0.2796875 0.03125 0.025
0 0.38125 0.87421875 0.0328125 0.03125
0 0.353125 0.81484375 0.03125 0.025
0 0.39609375 0.55 0.0296875 0.025
0 0.3125 0.553125 0.025 0.0171875
0 0.33984375 0.38671875 0.0234375 0.021875
0 0.31640625 0.34453125 0.0234375 0.0203125
0 0.34453125 0.36953125 0.021875 0.0171875
0 0.34765625 0.3296875 0.0234375 0.01875
0 0.31796875 0.3265625 0.0171875 0.015625
0 0.35546875 0.30625 0.025 0.021875
0 0.35625 0.28828125 0.015625 0.0171875
0 0.36953125 0.22578125 0.028125 0.0203125
0 0.36875 0.20859375 0.0234375 0.0234375
0 0.371875 0.184375 0.021875 0.0203125
0 0.375 0.16953125 0.015625 0.015625
0 0.3375 0.20703125 0.015625 0.0140625
0 0.34453125 0.1375 0.03125 0.0375
0 0.25234375 0.059375 0.021875 0.028125
0 0.253125 0.08203125 0.0203125 0.025
0 0.2375 0.1046875 0.021875 0.025
0 0.2375 0.12734375 0.028125 0.034375
0 0.21953125 0.16484375 0.015625 0.0203125
0 0.21328125 0.19375 0.025 0.028125
0 0.21640625 0.2203125 0.01875 0.0203125
0 0.1984375 0.20390625 0.01875 0.01875
0 0.196875 0.26484375 0.0234375 0.021875
0 0.19609375 0.5578125 0.0421875 0.021875
0 0.18203125 0.675 0.0390625 0.01875