0 0.0078125 0.33125 0.015625 0.0375
0 0.9296875 0.9328125 0.025 0.040625
0 0.98203125 0.6546875 0.0234375 0.028125
0 0.9734375 0.56640625 0.021875 0.0375
0 0.93046875 0.4828125 0.028125 0.03125
0 0.96796875 0.36015625 0.015625 0.0296875
0 0.97890625 0.1125 0.025 0.040625
0 0.86484375 0.9296875 0.01875 0.025
0 0.80859375 0.96328125 0.0234375 0.0375
0 0.71171875 0.88203125 0.0140625 0.025
0 0.7796875 0.87890625 0.01875 0.028125
0 0.884375 0.83125 0.0171875 0.028125
0 0.75390625 0.80546875 0.025 0.028125
0 0.80625 0.7703125 0.0203125 0.028125
0 0.86328125 0.725 0.0171875 0.0375
0 0.71796875 0.69453125 0.00625 0.0125
0 0.7046875 0.67109375 0.021875 0.034375
0 0.75546875 0.6015625 0.021875 0.021875
0 0.80625 0.51640625 0.025 0.040625
0 0.72109375 0.51484375 0.015625 0.034375
0 0.7609375 0.4171875 0.015625 0.0265625
0 0.871875 0.27734375 0.0078125 0.0140625
0 0.8515625 0.253125 0.034375 0.046875
0 0.89921875 0.1703125 0.01875 0.0375
0 0.82421875 0.11171875 0.0328125 0.0375
0 0.878125 0.0890625 0.03125 0.046875
0 0.60390625 0.15625 0.01875 0.0265625
0 0.5875 0.06015625 0.0234375 0.034375
0 0.52421875 0.09609375 0.0265625 0.03125
0 0.4671875 0.13203125 0.015625 0.028125
0 0.64609375 0.25625 0.021875 0.0359375
0 0.67890625 0.36015625 0.025 0.046875
0 0.63828125 0.45078125 0.015625 0.028125
0 0.60859375 0.38125 0.015625 0.03125
0 0.528125 0.3171875 0.015625 0.034375
0 0.55546875 0.39453125 0.025 0.040625
0 0.4859375 0.3953125 0.01875 0.025
0 0.5140625 0.50234375 0.01875 0.0328125
0 0.58671875 0.51015625 0.021875 0.03125
0 0.66796875 0.51953125 0.015625 0.028125
0 0.6671875 0.9171875 0.021875 0.034375
0 0.665625 0.75078125 0.0203125 0.0265625
0 0.60390625 0.78046875 0.015625 0.0484375
0 0.5671875 0.83828125 0.015625 0.0375
0 0.5875 0.88671875 0.015625 0.025
0 0.52265625 0.89609375 0.015625 0.0328125
0 0.33671875 0.97265625 0.015625 0.0234375
0 0.38671875 0.959375 0.0125 0.028125
0 0.4125 0.90625 0.015625 0.025
0 0.45859375 0.909375 0.009375 0.028125
0 0.44375 0.83828125 0.0171875 0.0375
0 0.3234375 0.92265625 0.015625 0.025
0 0.2796875 0.93671875 0.015625 0.03125
0 0.24140625 0.94609375 0.0140625 0.03125
0 0.25234375 0.8671875 0.009375 0.03125
0 0.2984375 0.853125 0.009375 0.0296875
0 0.384375 0.81796875 0.0125 0.03125
0 0.4265625 0.78984375 0.0125 0.0296875
0 0.47265625 0.75 0.0125 0.03125
0 0.3234375 0.77265625 0.0140625 0.03125
0 0.36015625 0.74453125 0.01875 0.021875
0 0.4453125 0.70546875 0.015625 0.0296875
0 0.334375 0.68125 0.009375 0.03125
0 0.3765625 0.659375 0.0140625 0.028125
0 0.321875 0.61875 0.0125 0.028125
0 0.41015625 0.5984375 0.01875 0.034375
0 0.46328125 0.5328125 0.01875 0.028125
0 0.4328125 0.4328125 0.01875 0.025
0 0.303125 0.39765625 0.0140625 0.03125
0 0.25859375 0.4125 0.015625 0.01875
0 0.265625 0.321875 0.021875 0.025
0 0.43515625 0.24375 0.015625 0.03125
0 0.2734375 0.19375 0.01875 0.034375
0 0.396875 0.0859375 0.021875 0.034375
0 0.33046875 0.08515625 0.01875 0.034375
0 0.253125 0.10625 0.015625 0.034375
0 0.23984375 0.02109375 0.0140625 0.03125
0 0.16484375 0.05 0.0125 0.025
0 0.10859375 0.0625 0.015625 0.03125
0 0.03359375 0.028125 0.01875 0.0375
0 0.00703125 0.12734375 0.0140625 0.01875
0 0.0671875 0.29921875 0.021875 0.0296875
0 0.12109375 0.2703125 0.015625 0.040625
0 0.08125 0.18203125 0.025 0.028125
0 0.13203125 0.1703125 0.0140625 0.0328125
0 0.2203125 0.21015625 0.015625 0.028125
0 0.19296875 0.3296875 0.015625 0.0375
0 0.18203125 0.46484375 0.015625 0.03125
0 0.109375 0.55859375 0.0125 0.03125
0 0.146875 0.540625 0.0140625 0.034375
0 0.2046875 0.52890625 0.0140625 0.025
0 0.23203125 0.64765625 0.015625 0.034375
0 0.12890625 0.63984375 0.0109375 0.028125
0 0.209375 0.728125 0.0140625 0.0296875
0 0.19765625 0.80703125 0.015625 0.03125
0 0.203125 0.875 0.0125 0.0328125
0 0.1375 0.88828125 0.0109375 0.025
0 0.16796875 0.94765625 0.0125 0.028125
0 0.09921875 0.9171875 0.0125 0.021875
0 0.03671875 0.89140625 0.009375 0.025