0 0.52734375 0.08203125 0.0703125 0.015625
0 0.41484375 0.08125 0.090625 0.015625
0 0.459375 0.14140625 0.2515625 0.0359375
0 0.74921875 0.134375 0.0546875 0.0125
0 0.75390625 0.1703125 0.046875 0.0078125
0 0.76796875 0.20546875 0.015625 0.00625
0 0.70703125 0.17109375 0.046875 0.009375
0 0.73515625 0.20078125 0.065625 0.015625
0 0.72890625 0.2296875 0.009375 0.0125
0 0.69296875 0.23125 0.0625 0.0140625
0 0.775 0.228125 0.05 0.0109375
0 0.82578125 0.228125 0.034375 0.009375
0 0.8703125 0.2265625 0.0421875 0.0078125
0 0.41015625 0.30625 0.0359375 0.0125
0 0.271875 0.3125 0.190625 0.0296875
0 0.5515625 0.3890625 0.0359375 0.0109375
0 0.54921875 0.4046875 0.05625 0.0109375