0 0.33125 0.9921875 0.0375 0.015625
0 0.9328125 0.0703125 0.040625 0.025
0 0.6546875 0.01796875 0.028125 0.0234375
0 0.56640625 0.0265625 0.0375 0.021875
0 0.4828125 0.06953125 0.03125 0.028125
0 0.36015625 0.03203125 0.0296875 0.015625
0 0.1125 0.02109375 0.040625 0.025
0 0.9296875 0.13515625 0.025 0.01875
0 0.96328125 0.19140625 0.0375 0.0234375
0 0.88203125 0.28828125 0.025 0.0140625
0 0.87890625 0.2203125 0.028125 0.01875
0 0.83125 0.115625 0.028125 0.0171875
0 0.80546875 0.24609375 0.028125 0.025
0 0.7703125 0.19375 0.028125 0.0203125
0 0.725 0.13671875 0.0375 0.0171875
0 0.69453125 0.28203125 0.0125 0.00625
0 0.67109375 0.2953125 0.034375 0.021875
0 0.6015625 0.24453125 0.021875 0.021875
0 0.51640625 0.19375 0.040625 0.025
0 0.51484375 0.27890625 0.034375 0.015625
0 0.4171875 0.2390625 0.0265625 0.015625
0 0.27734375 0.128125 0.0140625 0.0078125
0 0.253125 0.1484375 0.046875 0.034375
0 0.1703125 0.10078125 0.0375 0.01875
0 0.11171875 0.17578125 0.0375 0.0328125
0 0.0890625 0.121875 0.046875 0.03125
0 0.15625 0.39609375 0.0265625 0.01875
0 0.06015625 0.4125 0.034375 0.0234375
0 0.09609375 0.47578125 0.03125 0.0265625
0 0.13203125 0.5328125 0.028125 0.015625
0 0.25625 0.35390625 0.0359375 0.021875
0 0.36015625 0.32109375 0.046875 0.025
0 0.45078125 0.36171875 0.028125 0.015625
0 0.38125 0.39140625 0.03125 0.015625
0 0.3171875 0.471875 0.034375 0.015625
0 0.39453125 0.44453125 0.040625 0.025
0 0.3953125 0.5140625 0.025 0.01875
0 0.50234375 0.4859375 0.0328125 0.01875
0 0.51015625 0.41328125 0.03125 0.021875
0 0.51953125 0.33203125 0.028125 0.015625
0 0.9171875 0.3328125 0.034375 0.021875
0 0.75078125 0.334375 0.0265625 0.0203125
0 0.78046875 0.39609375 0.0484375 0.015625
0 0.83828125 0.4328125 0.0375 0.015625
0 0.88671875 0.4125 0.025 0.015625
0 0.89609375 0.47734375 0.0328125 0.015625
0 0.97265625 0.66328125 0.0234375 0.015625
0 0.959375 0.61328125 0.028125 0.0125
0 0.90625 0.5875 0.025 0.015625
0 0.909375 0.54140625 0.028125 0.009375
0 0.83828125 0.55625 0.0375 0.0171875
0 0.92265625 0.6765625 0.025 0.015625
0 0.93671875 0.7203125 0.03125 0.015625
0 0.94609375 0.75859375 0.03125 0.0140625
0 0.8671875 0.74765625 0.03125 0.0109375
0 0.853125 0.7015625 0.0296875 0.0109375
0 0.81796875 0.615625 0.03125 0.0125
0 0.78984375 0.5734375 0.0296875 0.0125
0 0.75 0.52734375 0.03125 0.0125
0 0.77265625 0.6765625 0.03125 0.0140625
0 0.74453125 0.63984375 0.021875 0.01875
0 0.70546875 0.5546875 0.0296875 0.015625
0 0.68125 0.665625 0.03125 0.009375
0 0.659375 0.6234375 0.028125 0.0140625
0 0.61875 0.678125 0.028125 0.0125
0 0.5984375 0.58984375 0.034375 0.01875
0 0.5328125 0.53671875 0.028125 0.01875
0 0.4328125 0.5671875 0.025 0.01875
0 0.39765625 0.696875 0.03125 0.0140625
0 0.4125 0.74140625 0.01875 0.015625
0 0.321875 0.734375 0.025 0.021875
0 0.24375 0.56484375 0.03125 0.015625
0 0.19375 0.7265625 0.034375 0.01875
0 0.0859375 0.603125 0.034375 0.021875
0 0.08515625 0.66953125 0.034375 0.01875
0 0.10625 0.746875 0.034375 0.015625
0 0.02109375 0.76015625 0.03125 0.0140625
0 0.05 0.83515625 0.025 0.0125
0 0.0625 0.89140625 0.03125 0.015625
0 0.028125 0.96640625 0.0375 0.01875
0 0.12734375 0.99296875 0.01875 0.0140625
0 0.29921875 0.9328125 0.0296875 0.021875
0 0.2703125 0.87890625 0.040625 0.015625
0 0.18203125 0.91875 0.028125 0.025
0 0.1703125 0.86796875 0.0328125 0.0140625
0 0.21015625 0.7796875 0.028125 0.015625
0 0.3296875 0.80703125 0.0375 0.015625
0 0.46484375 0.81796875 0.03125 0.015625
0 0.55859375 0.890625 0.03125 0.0125
0 0.540625 0.853125 0.034375 0.0140625
0 0.52890625 0.7953125 0.025 0.0140625
0 0.64765625 0.76796875 0.034375 0.015625
0 0.63984375 0.87109375 0.028125 0.0109375
0 0.728125 0.790625 0.0296875 0.0140625
0 0.80703125 0.80234375 0.03125 0.0140625
0 0.875 0.796875 0.0328125 0.0125
0 0.88828125 0.8625 0.025 0.0109375
0 0.94765625 0.83203125 0.028125 0.0125
0 0.9171875 0.90078125 0.021875 0.0125
0 0.89140625 0.96328125 0.025 0.009375