0 0.47265625 0.08203125 0.0703125 0.015625
0 0.58515625 0.08125 0.090625 0.015625
0 0.540625 0.14140625 0.2515625 0.0359375
0 0.25078125 0.134375 0.0546875 0.0125
0 0.24609375 0.1703125 0.046875 0.0078125
0 0.23203125 0.20546875 0.015625 0.00625
0 0.29296875 0.17109375 0.046875 0.009375
0 0.26484375 0.20078125 0.065625 0.015625
0 0.27109375 0.2296875 0.009375 0.0125
0 0.30703125 0.23125 0.0625 0.0140625
0 0.225 0.228125 0.05 0.0109375
0 0.17421875 0.228125 0.034375 0.009375
0 0.1296875 0.2265625 0.0421875 0.0078125
0 0.58984375 0.30625 0.0359375 0.0125
0 0.728125 0.3125 0.190625 0.0296875
0 0.4484375 0.3890625 0.0359375 0.0109375
0 0.45078125 0.4046875 0.05625 0.0109375