0 0.42109375 0.478125 0.034375 0.03125
0 0.49140625 0.46640625 0.0265625 0.03125
0 0.48125 0.4328125 0.0234375 0.021875
0 0.621875 0.4 0.0296875 0.0375
0 0.6484375 0.4390625 0.025 0.0296875
0 0.58125 0.57890625 0.021875 0.03125
0 0.58046875 0.540625 0.021875 0.021875
0 0.60390625 0.54140625 0.01875 0.01875
0 0.66640625 0.56875 0.025 0.028125
0 0.6765625 0.528125 0.0234375 0.03125
0 0.7203125 0.5203125 0.025 0.03125
0 0.12578125 0.61875 0.03125 0.0328125
0 0.18515625 0.646875 0.025 0.03125
0 0.45 0.60390625 0.025 0.0296875
0 0.446875 0.6875 0.0171875 0.025
0 0.61328125 0.66015625 0.021875 0.0234375
0 0.65546875 0.68359375 0.0203125 0.0234375
0 0.63046875 0.65546875 0.0171875 0.021875
0 0.6703125 0.65234375 0.01875 0.0234375
0 0.6734375 0.68203125 0.015625 0.0171875
0 0.69375 0.64453125 0.021875 0.025
0 0.71171875 0.64375 0.0171875 0.015625
0 0.77421875 0.63046875 0.0203125 0.028125
0 0.79140625 0.63125 0.0234375 0.0234375
0 0.815625 0.628125 0.0203125 0.021875
0 0.83046875 0.625 0.015625 0.015625
0 0.79296875 0.6625 0.0140625 0.015625
0 0.8625 0.65546875 0.0375 0.03125
0 0.940625 0.74765625 0.028125 0.021875
0 0.91796875 0.746875 0.025 0.0203125
0 0.8953125 0.7625 0.025 0.021875
0 0.87265625 0.7625 0.034375 0.0296875
0 0.83515625 0.78046875 0.0203125 0.015625
0 0.80625 0.78671875 0.028125 0.025
0 0.7796875 0.78359375 0.0203125 0.01875
0 0.79609375 0.8015625 0.01875 0.01875
0 0.73515625 0.803125 0.021875 0.0234375
0 0.4421875 0.80390625 0.021875 0.0421875
0 0.325 0.81796875 0.01875 0.0390625