0 0.79140625 0.625 0.0390625 0.0546875
0 0.79609375 0.6921875 0.021875 0.028125
0 0.778125 0.6875 0.0234375 0.040625
0 0.77890625 0.734375 0.034375 0.05
0 0.80703125 0.7328125 0.0265625 0.046875
0 0.78046875 0.79921875 0.028125 0.0609375
0 0.784375 0.90078125 0.0546875 0.1109375
0 0.9640625 0.91953125 0.0359375 0.05625
0 0.7125 0.625 0.04375 0.059375
0 0.48515625 0.7875 0.03125 0.075
0 0.65 0.36171875 0.15 0.05625
0 0.85703125 0.28515625 0.0515625 0.0171875
0 0.8578125 0.32734375 0.053125 0.025
0 0.89375 0.3375 0.0171875 0.021875
0 0.86796875 0.30703125 0.021875 0.0125