0 0.8640625 0.1890625 0.0140625 0.040625
0 0.82578125 0.46640625 0.003125 0.00625
0 0.82890625 0.48203125 0.0125 0.028125
0 0.9125 0.54921875 0.0140625 0.034375
0 0.85625 0.55859375 0.003125 0.009375
0 0.85546875 0.56953125 0.009375 0.021875
0 0.79453125 0.39609375 0.0109375 0.028125
0 0.734375 0.196875 0.0125 0.04375
0 0.625 0.48671875 0.00625 0.00625
0 0.63125 0.38671875 0.0078125 0.0375
0 0.74296875 0.58203125 0.0140625 0.040625
0 0.703125 0.5125 0.0125 0.0359375
0 0.65625 0.515625 0.0125 0.0328125
0 0.59453125 0.471875 0.009375 0.03125
0 0.584375 0.5390625 0.00625 0.021875
0 0.62734375 0.58515625 0.0078125 0.01875
0 0.68125 0.64453125 0.015625 0.0375
0 0.62265625 0.68984375 0.015625 0.03125
0 0.53828125 0.02109375 0.00625 0.009375
0 0.59296875 0.0515625 0.0078125 0.0078125
0 0.5875 0.209375 0.00625 0.00625
0 0.59609375 0.0828125 0.0125 0.059375
0 0.54140625 0.325 0.0125 0.0375
0 0.5796875 0.2421875 0.0203125 0.059375
0 0.51484375 0.24453125 0.0125 0.0421875
0 0.5390625 0.04140625 0.009375 0.0375
0 0.29765625 0.38828125 0.0046875 0.0125
0 0.2796875 0.2640625 0.0046875 0.009375
0 0.27265625 0.228125 0.0171875 0.06875
0 0.2828125 0.3828125 0.028125 0.0203125
0 0.15703125 0.10234375 0.0125 0.0296875
0 0.20859375 0.63984375 0.015625 0.021875
0 0.1453125 0.5421875 0.0203125 0.015625
0 0.09609375 0.484375 0.009375 0.021875
0 0.19140625 0.425 0.021875 0.0234375
0 0.19921875 0.29296875 0.01875 0.01875
0 0.11796875 0.2546875 0.0140625 0.03125
0 0.00859375 0.25234375 0.009375 0.040625
0 0.7296875 0.7078125 0.01875 0.0359375
0 0.78515625 0.7453125 0.0046875 0.0078125
0 0.79296875 0.76484375 0.0125 0.025
0 0.7703125 0.85234375 0.009375 0.0171875
0 0.653125 0.75546875 0.009375 0.0171875
0 0.69296875 0.8875 0.0140625 0.021875
0 0.55234375 0.709375 0.009375 0.0171875
0 0.48203125 0.56796875 0.009375 0.028125
0 0.35625 0.60234375 0.009375 0.0171875
0 0.34609375 0.9375 0.021875 0.0390625