0 0.21328125 0.82734375 0.0125 0.034375
0 0.9625 0.18984375 0.009375 0.0125
0 0.69453125 0.315625 0.015625 0.046875
0 0.75234375 0.353125 0.021875 0.046875
0 0.76953125 0.53359375 0.01875 0.046875
0 0.59140625 0.46875 0.021875 0.04375
0 0.6015625 0.36171875 0.021875 0.059375
0 0.55 0.40625 0.021875 0.0421875
0 0.53984375 0.059375 0.01875 0.040625
0 0.44453125 0.11953125 0.0171875 0.05
0 0.4390625 0.3078125 0.0234375 0.046875
0 0.44453125 0.44296875 0.025 0.0328125
0 0.40859375 0.22578125 0.015625 0.046875
0 0.3421875 0.30625 0.028125 0.015625
0 0.4046875 0.38046875 0.025 0.028125
0 0.29453125 0.41171875 0.0265625 0.0515625
0 0.36015625 0.46484375 0.0359375 0.028125
0 0.31796875 0.5421875 0.021875 0.0171875
0 0.2765625 0.55546875 0.01875 0.015625
0 0.4203125 0.51328125 0.0265625 0.01875
0 0.3875 0.58125 0.0234375 0.01875
0 0.5546875 0.5796875 0.03125 0.03125
0 0.60390625 0.62421875 0.015625 0.0421875
0 0.5125 0.74765625 0.01875 0.034375
0 0.42421875 0.6546875 0.0234375 0.0171875
0 0.44453125 0.76171875 0.01875 0.0359375
0 0.57890625 0.94453125 0.0140625 0.040625
0 0.33828125 0.6109375 0.021875 0.015625
0 0.3421875 0.684375 0.021875 0.0171875
0 0.3625 0.753125 0.021875 0.0171875
0 0.31328125 0.77890625 0.0125 0.028125
0 0.2859375 0.63203125 0.01875 0.015625
0 0.246875 0.63984375 0.021875 0.0171875
0 0.20234375 0.6921875 0.021875 0.046875
0 0.2625 0.7421875 0.025 0.040625
0 0.26953125 0.840625 0.015625 0.046875
0 0.3171875 0.859375 0.015625 0.05
0 0.28984375 0.92578125 0.0125 0.0359375
0 0.2640625 0.91328125 0.00625 0.0234375
0 0.2546875 0.909375 0.00625 0.025
0 0.24765625 0.91484375 0.009375 0.0390625
0 0.22109375 0.89921875 0.0078125 0.021875
0 0.2046875 0.8921875 0.0078125 0.021875
0 0.1953125 0.89140625 0.009375 0.0296875
0 0.159375 0.88125 0.0125 0.03125
0 0.15078125 0.8734375 0.0109375 0.03125
0 0.2 0.815625 0.0140625 0.0515625
0 0.18359375 0.8109375 0.01875 0.05
0 0.1609375 0.790625 0.025 0.0546875
0 0.08984375 0.5875 0.021875 0.046875
0 0.0703125 0.65078125 0.025 0.0671875
0 0.0484375 0.72265625 0.021875 0.053125