0 0.22421875 0.27578125 0.009375 0.0421875
0 0.2109375 0.27421875 0.009375 0.04375
0 0.19921875 0.28203125 0.0109375 0.05625
0 0.19609375 0.41484375 0.0125 0.065625
0 0.296875 0.4265625 0.0078125 0.0265625
0 0.371875 0.42890625 0.00625 0.021875
0 0.3890625 0.428125 0.00625 0.025
0 0.33125 0.27578125 0.009375 0.04375
0 0.378125 0.278125 0.009375 0.046875
0 0.42265625 0.05546875 0.009375 0.040625
0 0.40234375 0.2796875 0.009375 0.046875
0 0.44921875 0.27890625 0.009375 0.046875
0 0.41328125 0.42734375 0.00625 0.0234375
0 0.42265625 0.42421875 0.0078125 0.03125
0 0.43828125 0.4296875 0.00625 0.021875
0 0.44609375 0.42578125 0.0078125 0.028125
0 0.4375 0.46484375 0.00625 0.03125
0 0.43203125 0.63046875 0.0125 0.0578125
0 0.42578125 0.71484375 0.0125 0.078125
0 0.53671875 0.89375 0.028125 0.0484375
0 0.54296875 0.84921875 0.00625 0.0078125
0 0.5390625 0.83828125 0.0375 0.01875
0 0.50703125 0.8671875 0.009375 0.009375
0 0.50625 0.81953125 0.0109375 0.084375
0 0.5359375 0.771875 0.028125 0.01875
0 0.52265625 0.70625 0.00625 0.0125
0 0.50390625 0.7046875 0.0125 0.065625
0 0.53828125 0.68203125 0.034375 0.01875
0 0.4859375 0.621875 0.0109375 0.0640625
0 0.46328125 0.4625 0.00625 0.025
0 0.46328125 0.4265625 0.00625 0.025
0 0.47265625 0.425 0.0078125 0.03125
0 0.4703125 0.4609375 0.00625 0.025
0 0.49453125 0.46171875 0.00625 0.0234375
0 0.5125 0.428125 0.00625 0.028125
0 0.4953125 0.43046875 0.00625 0.0234375
0 0.51171875 0.46328125 0.00625 0.028125
0 0.52109375 0.4625 0.00625 0.025
0 0.53515625 0.4640625 0.0078125 0.025
0 0.4734375 0.28046875 0.009375 0.0515625
0 0.47578125 0.23203125 0.0078125 0.009375
0 0.48515625 0.2203125 0.0078125 0.046875
0 0.5203125 0.27421875 0.009375 0.040625
0 0.50625 0.23046875 0.00625 0.0234375
0 0.52109375 0.22109375 0.009375 0.04375
0 0.53203125 0.2203125 0.009375 0.04375
0 0.62578125 0.2140625 0.0125 0.0546875
0 0.5671875 0.28046875 0.009375 0.0484375
0 0.57734375 0.27578125 0.009375 0.04375
0 0.6015625 0.278125 0.009375 0.0453125
0 0.6265625 0.27890625 0.009375 0.046875
0 0.54453125 0.42734375 0.00625 0.028125
0 0.56875 0.4625 0.00625 0.0265625
0 0.584375 0.46328125 0.0078125 0.028125
0 0.59453125 0.47578125 0.009375 0.0421875
0 0.59375 0.42734375 0.00625 0.0234375
0 0.6078125 0.47734375 0.0125 0.053125
0 0.63125 0.4796875 0.009375 0.05625
0 0.58359375 0.6296875 0.009375 0.0625
0 0.61796875 0.6796875 0.05 0.015625
0 0.5734375 0.946875 0.034375 0.0546875
0 0.63984375 0.63125 0.009375 0.053125
0 0.65625 0.4109375 0.0125 0.053125
0 0.64921875 0.28203125 0.0125 0.046875
0 0.6609375 0.21953125 0.0109375 0.04375
0 0.66171875 0.27421875 0.009375 0.0375
0 0.67265625 0.27578125 0.009375 0.0421875
0 0.68515625 0.21953125 0.009375 0.046875
0 0.696875 0.21953125 0.009375 0.04375
0 0.70625 0.4140625 0.0109375 0.053125
0 0.66171875 0.7328125 0.015625 0.0890625
0 0.6390625 0.89921875 0.0125 0.059375
0 0.7421875 0.478125 0.0125 0.053125
0 0.75390625 0.41484375 0.0109375 0.046875
0 0.71953125 0.27734375 0.009375 0.0484375
0 0.73359375 0.27265625 0.009375 0.034375
0 0.7546875 0.2796875 0.009375 0.05
0 0.77890625 0.284375 0.0125 0.059375
0 0.77890625 0.4125 0.0109375 0.05625
0 0.7796875 0.48203125 0.009375 0.05625
0 0.75078125 0.64140625 0.009375 0.034375
0 0.76171875 0.6453125 0.00625 0.03125
0 0.76015625 0.68359375 0.046875 0.025
0 0.77421875 0.75859375 0.021875 0.015625
0 0.77578125 0.775 0.01875 0.015625
0 0.77421875 0.79140625 0.025 0.015625
0 0.775 0.86015625 0.021875 0.0125
0 0.79375 0.81328125 0.009375 0.040625
0 0.79609375 0.715625 0.0140625 0.0375
0 0.77734375 0.6265625 0.015625 0.0625
0 0.79375 0.5671875 0.0078125 0.040625
0 0.80078125 0.565625 0.009375 0.0375
0 0.79765625 0.52734375 0.015625 0.0125
0 0.79765625 0.48125 0.0171875 0.0125
0 0.79921875 0.4671875 0.015625 0.0109375
0 0.80078125 0.4546875 0.0171875 0.0125
0 0.7984375 0.4390625 0.015625 0.0125
0 0.80390625 0.4171875 0.0125 0.009375
0 0.79921875 0.4078125 0.021875 0.0125
0 0.80078125 0.3828125 0.01875 0.0125
0 0.7984375 0.3671875 0.015625 0.0125
0 0.79921875 0.340625 0.015625 0.0125
0 0.80078125 0.29765625 0.01875 0.0125
0 0.7984375 0.2828125 0.015625 0.0125
0 0.796875 0.2296875 0.0125 0.0109375
0 0.8 0.1484375 0.0125 0.0125
0 0.8 0.08203125 0.015625 0.0125
0 0.7984375 0.0078125 0.015625 0.0109375
0 0.78203125 0.10234375 0.00625 0.025
0 0.7703125 0.109375 0.00625 0.0390625
0 0.76953125 0.05234375 0.009375 0.040625
0 0.75859375 0.05859375 0.00625 0.03125
0 0.7484375 0.05625 0.0078125 0.034375
0 0.7375 0.0546875 0.0078125 0.028125
0 0.7484375 0.1046875 0.00625 0.0328125
0 0.7375 0.10390625 0.00625 0.03125
0 0.72890625 0.10703125 0.009375 0.04375
0 0.7296875 0.06640625 0.003125 0.0125
0 0.646875 0.071875 0.00625 0.00625
0 0.72734375 0.05390625 0.00625 0.03125
0 0.715625 0.10625 0.009375 0.0421875
0 0.71796875 0.05390625 0.0078125 0.025
0 0.69765625 0.0578125 0.0078125 0.0328125
0 0.696875 0.1 0.0078125 0.03125
0 0.68671875 0.1046875 0.009375 0.040625
0 0.6859375 0.05625 0.0078125 0.034375
0 0.6765625 0.1 0.00625 0.0234375
0 0.665625 0.10078125 0.0078125 0.0296875
0 0.66640625 0.05390625 0.0078125 0.040625
0 0.6546875 0.10625 0.009375 0.0375
0 0.64453125 0.05703125 0.00625 0.03125
0 0.64609375 0.10078125 0.009375 0.034375
0 0.63359375 0.10234375 0.009375 0.0375
0 0.634375 0.05390625 0.0078125 0.034375
0 0.625 0.10546875 0.009375 0.040625
0 0.61328125 0.1046875 0.009375 0.0375
0 0.62421875 0.059375 0.009375 0.0265625
0 0.60390625 0.103125 0.00625 0.0359375
0 0.59296875 0.1078125 0.009375 0.0390625
0 0.60390625 0.05625 0.00625 0.03125
0 0.59375 0.05625 0.00625 0.03125
0 0.5734375 0.10234375 0.00625 0.028125
0 0.5625 0.0515625 0.009375 0.040625
0 0.56171875 0.10703125 0.009375 0.04375
0 0.55078125 0.1046875 0.009375 0.0390625
0 0.540625 0.053125 0.009375 0.040625
0 0.52890625 0.0546875 0.009375 0.0359375
0 0.53984375 0.10859375 0.009375 0.04375
0 0.52890625 0.1046875 0.0078125 0.034375
0 0.51796875 0.10703125 0.009375 0.04375
0 0.50859375 0.103125 0.009375 0.0375
0 0.49609375 0.10546875 0.009375 0.0453125
0 0.4859375 0.1046875 0.0078125 0.0375
0 0.49609375 0.05625 0.009375 0.03125
0 0.47421875 0.05859375 0.00625 0.0265625
0 0.475 0.10234375 0.009375 0.0328125
0 0.46328125 0.1046875 0.0078125 0.0359375
0 0.45234375 0.10703125 0.009375 0.0421875
0 0.44375 0.10625 0.0078125 0.04375
0 0.42265625 0.103125 0.009375 0.034375
0 0.4109375 0.10625 0.009375 0.04375
0 0.40078125 0.05859375 0.00625 0.028125
0 0.390625 0.103125 0.009375 0.03125
0 0.37109375 0.05390625 0.0078125 0.0328125
0 0.35 0.103125 0.00625 0.034375
0 0.3390625 0.10234375 0.00625 0.0234375
0 0.340625 0.0515625 0.009375 0.04375
0 0.30859375 0.04921875 0.0078125 0.025
0 0.2984375 0.10390625 0.009375 0.03125
0 0.28828125 0.053125 0.009375 0.0375
0 0.2890625 0.09609375 0.00625 0.025
0 0.2796875 0.103125 0.009375 0.0421875
0 0.27890625 0.053125 0.0078125 0.0375
0 0.25859375 0.10390625 0.009375 0.0375
0 0.2671875 0.053125 0.0109375 0.040625
0 0.240625 0.0875 0.00625 0.0125
0 0.246875 0.10703125 0.009375 0.034375
0 0.16640625 0.25703125 0.0046875 0.009375
0 0.175 0.27421875 0.009375 0.040625
0 0.1640625 0.278125 0.009375 0.046875
0 0.1515625 0.27734375 0.009375 0.046875
0 0.153125 0.21640625 0.0125 0.0453125
0 0.2265625 0.10703125 0.0078125 0.034375
0 0.20390625 0.10625 0.009375 0.046875
0 0.18359375 0.10234375 0.009375 0.034375
0 0.17265625 0.1 0.00625 0.0265625
0 0.1625 0.10390625 0.009375 0.040625
0 0.15078125 0.1015625 0.0078125 0.034375
0 0.16328125 0.06015625 0.0078125 0.03125
0 0.1375 0.09140625 0.0125 0.078125
0 0.08671875 0.1296875 0.0203125 0.015625
0 0.090625 0.09140625 0.0234375 0.01875
0 0.3453125 0.628125 0.009375 0.046875
0 0.41328125 0.4640625 0.00625 0.028125
0 0.38828125 0.46015625 0.009375 0.03125
0 0.36328125 0.46328125 0.009375 0.03125
0 0.33515625 0.46875 0.0109375 0.040625
0 0.271875 0.475 0.0125 0.05
0 0.25 0.465625 0.009375 0.0375
0 0.22109375 0.48046875 0.0125 0.05625
0 0.3890625 0.709375 0.015625 0.065625
0 0.3734375 0.70703125 0.0140625 0.0828125
0 0.2234375 0.64453125 0.034375 0.059375
0 0.1515625 0.53828125 0.0328125 0.05625
0 0.1 0.46328125 0.021875 0.040625