0 0.72421875 0.22421875 0.0421875 0.009375
0 0.72578125 0.2109375 0.04375 0.009375
0 0.71796875 0.19921875 0.05625 0.0109375
0 0.58515625 0.19609375 0.065625 0.0125
0 0.5734375 0.296875 0.0265625 0.0078125
0 0.57109375 0.371875 0.021875 0.00625
0 0.571875 0.3890625 0.025 0.00625
0 0.72421875 0.33125 0.04375 0.009375
0 0.721875 0.378125 0.046875 0.009375
0 0.94453125 0.42265625 0.040625 0.009375
0 0.7203125 0.40234375 0.046875 0.009375
0 0.72109375 0.44921875 0.046875 0.009375
0 0.57265625 0.41328125 0.0234375 0.00625
0 0.57578125 0.42265625 0.03125 0.0078125
0 0.5703125 0.43828125 0.021875 0.00625
0 0.57421875 0.44609375 0.028125 0.0078125
0 0.53515625 0.4375 0.03125 0.00625
0 0.36953125 0.43203125 0.0578125 0.0125
0 0.28515625 0.42578125 0.078125 0.0125
0 0.10625 0.53671875 0.0484375 0.028125
0 0.15078125 0.54296875 0.0078125 0.00625
0 0.16171875 0.5390625 0.01875 0.0375
0 0.1328125 0.50703125 0.009375 0.009375
0 0.18046875 0.50625 0.084375 0.0109375
0 0.228125 0.5359375 0.01875 0.028125
0 0.29375 0.52265625 0.0125 0.00625
0 0.2953125 0.50390625 0.065625 0.0125
0 0.31796875 0.53828125 0.01875 0.034375
0 0.378125 0.4859375 0.0640625 0.0109375
0 0.5375 0.46328125 0.025 0.00625
0 0.5734375 0.46328125 0.025 0.00625
0 0.575 0.47265625 0.03125 0.0078125
0 0.5390625 0.4703125 0.025 0.00625
0 0.53828125 0.49453125 0.0234375 0.00625
0 0.571875 0.5125 0.028125 0.00625
0 0.56953125 0.4953125 0.0234375 0.00625
0 0.53671875 0.51171875 0.028125 0.00625
0 0.5375 0.52109375 0.025 0.00625
0 0.5359375 0.53515625 0.025 0.0078125
0 0.71953125 0.4734375 0.0515625 0.009375
0 0.76796875 0.47578125 0.009375 0.0078125
0 0.7796875 0.48515625 0.046875 0.0078125
0 0.72578125 0.5203125 0.040625 0.009375
0 0.76953125 0.50625 0.0234375 0.00625
0 0.77890625 0.52109375 0.04375 0.009375
0 0.7796875 0.53203125 0.04375 0.009375
0 0.7859375 0.62578125 0.0546875 0.0125
0 0.71953125 0.5671875 0.0484375 0.009375
0 0.72421875 0.57734375 0.04375 0.009375
0 0.721875 0.6015625 0.0453125 0.009375
0 0.72109375 0.6265625 0.046875 0.009375
0 0.57265625 0.54453125 0.028125 0.00625
0 0.5375 0.56875 0.0265625 0.00625
0 0.53671875 0.584375 0.028125 0.0078125
0 0.52421875 0.59453125 0.0421875 0.009375
0 0.57265625 0.59375 0.0234375 0.00625
0 0.52265625 0.6078125 0.053125 0.0125
0 0.5203125 0.63125 0.05625 0.009375
0 0.3703125 0.58359375 0.0625 0.009375
0 0.3203125 0.61796875 0.015625 0.05
0 0.053125 0.5734375 0.0546875 0.034375
0 0.36875 0.63984375 0.053125 0.009375
0 0.5890625 0.65625 0.053125 0.0125
0 0.71796875 0.64921875 0.046875 0.0125
0 0.78046875 0.6609375 0.04375 0.0109375
0 0.72578125 0.66171875 0.0375 0.009375
0 0.72421875 0.67265625 0.0421875 0.009375
0 0.78046875 0.68515625 0.046875 0.009375
0 0.78046875 0.696875 0.04375 0.009375
0 0.5859375 0.70625 0.053125 0.0109375
0 0.2671875 0.66171875 0.0890625 0.015625
0 0.10078125 0.6390625 0.059375 0.0125
0 0.521875 0.7421875 0.053125 0.0125
0 0.58515625 0.75390625 0.046875 0.0109375
0 0.72265625 0.71953125 0.0484375 0.009375
0 0.72734375 0.73359375 0.034375 0.009375
0 0.7203125 0.7546875 0.05 0.009375
0 0.715625 0.77890625 0.059375 0.0125
0 0.5875 0.77890625 0.05625 0.0109375
0 0.51796875 0.7796875 0.05625 0.009375
0 0.35859375 0.75078125 0.034375 0.009375
0 0.3546875 0.76171875 0.03125 0.00625
0 0.31640625 0.76015625 0.025 0.046875
0 0.24140625 0.77421875 0.015625 0.021875
0 0.225 0.77578125 0.015625 0.01875
0 0.20859375 0.77421875 0.015625 0.025
0 0.13984375 0.775 0.0125 0.021875
0 0.18671875 0.79375 0.040625 0.009375
0 0.284375 0.79609375 0.0375 0.0140625
0 0.3734375 0.77734375 0.0625 0.015625
0 0.4328125 0.79375 0.040625 0.0078125
0 0.434375 0.80078125 0.0375 0.009375
0 0.47265625 0.79765625 0.0125 0.015625
0 0.51875 0.79765625 0.0125 0.0171875
0 0.5328125 0.79921875 0.0109375 0.015625
0 0.5453125 0.80078125 0.0125 0.0171875
0 0.5609375 0.7984375 0.0125 0.015625
0 0.5828125 0.80390625 0.009375 0.0125
0 0.5921875 0.79921875 0.0125 0.021875
0 0.6171875 0.80078125 0.0125 0.01875
0 0.6328125 0.7984375 0.0125 0.015625
0 0.659375 0.79921875 0.0125 0.015625
0 0.70234375 0.80078125 0.0125 0.01875
0 0.7171875 0.7984375 0.0125 0.0171875
0 0.7703125 0.796875 0.0109375 0.0125
0 0.8515625 0.8 0.0125 0.0140625
0 0.91796875 0.8 0.0125 0.0140625
0 0.9921875 0.7984375 0.0109375 0.015625
0 0.89765625 0.78203125 0.025 0.00625
0 0.890625 0.7703125 0.0390625 0.00625
0 0.94765625 0.76953125 0.040625 0.009375
0 0.94140625 0.75859375 0.03125 0.00625
0 0.94375 0.7484375 0.034375 0.0078125
0 0.9453125 0.7375 0.028125 0.0078125
0 0.8953125 0.7484375 0.0328125 0.00625
0 0.89609375 0.7375 0.03125 0.00625
0 0.89296875 0.72890625 0.04375 0.009375
0 0.93359375 0.7296875 0.0125 0.003125
0 0.928125 0.646875 0.00625 0.00625
0 0.94609375 0.72734375 0.03125 0.00625
0 0.89375 0.715625 0.0421875 0.009375
0 0.94609375 0.71796875 0.025 0.0078125
0 0.9421875 0.69765625 0.0328125 0.0078125
0 0.9 0.696875 0.03125 0.0078125
0 0.8953125 0.68671875 0.040625 0.009375
0 0.94375 0.6859375 0.034375 0.0078125
0 0.9 0.6765625 0.0234375 0.00625
0 0.89921875 0.665625 0.0296875 0.0078125
0 0.94609375 0.66640625 0.040625 0.0078125
0 0.89375 0.6546875 0.0375 0.009375
0 0.94296875 0.64453125 0.03125 0.00625
0 0.89921875 0.64609375 0.034375 0.009375
0 0.89765625 0.63359375 0.0375 0.009375
0 0.94609375 0.634375 0.034375 0.0078125
0 0.89453125 0.625 0.040625 0.009375
0 0.8953125 0.61328125 0.0375 0.009375
0 0.940625 0.62421875 0.0265625 0.009375
0 0.896875 0.60390625 0.0359375 0.00625
0 0.8921875 0.59296875 0.0390625 0.009375
0 0.94375 0.60390625 0.03125 0.00625
0 0.94375 0.59375 0.03125 0.00625
0 0.89765625 0.5734375 0.028125 0.00625
0 0.9484375 0.5625 0.040625 0.009375
0 0.89296875 0.56171875 0.04375 0.009375
0 0.8953125 0.55078125 0.0390625 0.009375
0 0.946875 0.540625 0.040625 0.009375
0 0.9453125 0.52890625 0.0359375 0.009375
0 0.89140625 0.53984375 0.04375 0.009375
0 0.8953125 0.52890625 0.034375 0.0078125
0 0.89296875 0.51796875 0.04375 0.009375
0 0.896875 0.50859375 0.0375 0.009375
0 0.89453125 0.49609375 0.0453125 0.009375
0 0.8953125 0.4859375 0.0375 0.0078125
0 0.94375 0.49609375 0.03125 0.009375
0 0.94140625 0.47421875 0.0265625 0.00625
0 0.89765625 0.475 0.0328125 0.009375
0 0.8953125 0.46328125 0.0359375 0.0078125
0 0.89296875 0.45234375 0.0421875 0.009375
0 0.89375 0.44375 0.04375 0.0078125
0 0.896875 0.42265625 0.034375 0.009375
0 0.89375 0.4109375 0.04375 0.009375
0 0.94140625 0.40078125 0.028125 0.00625
0 0.896875 0.390625 0.03125 0.009375
0 0.94609375 0.37109375 0.0328125 0.0078125
0 0.896875 0.35 0.034375 0.00625
0 0.89765625 0.3390625 0.0234375 0.00625
0 0.9484375 0.340625 0.04375 0.009375
0 0.95078125 0.30859375 0.025 0.0078125
0 0.89609375 0.2984375 0.03125 0.009375
0 0.946875 0.28828125 0.0375 0.009375
0 0.90390625 0.2890625 0.025 0.00625
0 0.896875 0.2796875 0.0421875 0.009375
0 0.946875 0.27890625 0.0375 0.0078125
0 0.89609375 0.25859375 0.0375 0.009375
0 0.946875 0.2671875 0.040625 0.0109375
0 0.9125 0.240625 0.0125 0.00625
0 0.89296875 0.246875 0.034375 0.009375
0 0.74296875 0.16640625 0.009375 0.0046875
0 0.72578125 0.175 0.040625 0.009375
0 0.721875 0.1640625 0.046875 0.009375
0 0.72265625 0.1515625 0.046875 0.009375
0 0.78359375 0.153125 0.0453125 0.0125
0 0.89296875 0.2265625 0.034375 0.0078125
0 0.89375 0.20390625 0.046875 0.009375
0 0.89765625 0.18359375 0.034375 0.009375
0 0.9 0.17265625 0.0265625 0.00625
0 0.89609375 0.1625 0.040625 0.009375
0 0.8984375 0.15078125 0.034375 0.0078125
0 0.93984375 0.16328125 0.03125 0.0078125
0 0.90859375 0.1375 0.078125 0.0125
0 0.8703125 0.08671875 0.015625 0.0203125
0 0.90859375 0.090625 0.01875 0.0234375
0 0.371875 0.3453125 0.046875 0.009375
0 0.5359375 0.41328125 0.028125 0.00625
0 0.53984375 0.38828125 0.03125 0.009375
0 0.53671875 0.36328125 0.03125 0.009375
0 0.53125 0.33515625 0.040625 0.0109375
0 0.525 0.271875 0.05 0.0125
0 0.534375 0.25 0.0375 0.009375
0 0.51953125 0.22109375 0.05625 0.0125
0 0.290625 0.3890625 0.065625 0.015625
0 0.29296875 0.3734375 0.0828125 0.0140625
0 0.35546875 0.2234375 0.059375 0.034375
0 0.46171875 0.1515625 0.05625 0.0328125
0 0.53671875 0.1 0.040625 0.021875