0 0.17265625 0.21328125 0.034375 0.0125
0 0.81015625 0.9625 0.0125 0.009375
0 0.684375 0.69453125 0.046875 0.015625
0 0.646875 0.75234375 0.046875 0.021875
0 0.46640625 0.76953125 0.046875 0.01875
0 0.53125 0.59140625 0.04375 0.021875
0 0.63828125 0.6015625 0.059375 0.021875
0 0.59375 0.55 0.0421875 0.021875
0 0.940625 0.53984375 0.040625 0.01875
0 0.88046875 0.44453125 0.05 0.0171875
0 0.6921875 0.4390625 0.046875 0.0234375
0 0.55703125 0.44453125 0.0328125 0.025
0 0.77421875 0.40859375 0.046875 0.015625
0 0.69375 0.3421875 0.015625 0.028125
0 0.61953125 0.4046875 0.028125 0.025
0 0.58828125 0.29453125 0.0515625 0.0265625
0 0.53515625 0.36015625 0.028125 0.0359375
0 0.4578125 0.31796875 0.0171875 0.021875
0 0.44453125 0.2765625 0.015625 0.01875
0 0.48671875 0.4203125 0.01875 0.0265625
0 0.41875 0.3875 0.01875 0.0234375
0 0.4203125 0.5546875 0.03125 0.03125
0 0.37578125 0.60390625 0.0421875 0.015625
0 0.25234375 0.5125 0.034375 0.01875
0 0.3453125 0.42421875 0.0171875 0.0234375
0 0.23828125 0.44453125 0.0359375 0.01875
0 0.05546875 0.57890625 0.040625 0.0140625
0 0.3890625 0.33828125 0.015625 0.021875
0 0.315625 0.3421875 0.0171875 0.021875
0 0.246875 0.3625 0.0171875 0.021875
0 0.22109375 0.31328125 0.028125 0.0125
0 0.36796875 0.2859375 0.015625 0.01875
0 0.36015625 0.246875 0.0171875 0.021875
0 0.3078125 0.20234375 0.046875 0.021875
0 0.2578125 0.2625 0.040625 0.025
0 0.159375 0.26953125 0.046875 0.015625
0 0.140625 0.3171875 0.05 0.015625
0 0.07421875 0.28984375 0.0359375 0.0125
0 0.08671875 0.2640625 0.0234375 0.00625
0 0.090625 0.2546875 0.025 0.00625
0 0.08515625 0.24765625 0.0390625 0.009375
0 0.10078125 0.22109375 0.021875 0.0078125
0 0.1078125 0.2046875 0.021875 0.0078125
0 0.10859375 0.1953125 0.0296875 0.009375
0 0.11875 0.159375 0.03125 0.0125
0 0.1265625 0.15078125 0.03125 0.0109375
0 0.184375 0.2 0.0515625 0.0140625
0 0.1890625 0.18359375 0.05 0.01875
0 0.209375 0.1609375 0.0546875 0.025
0 0.4125 0.08984375 0.046875 0.021875
0 0.34921875 0.0703125 0.0671875 0.025
0 0.27734375 0.0484375 0.053125 0.021875