0 0.11328125 0.253125 0.0578125 0.01875
0 0.13984375 0.22421875 0.034375 0.0125
0 0.1390625 0.21328125 0.0484375 0.015625
0 0.1765625 0.24375 0.034375 0.0125
0 0.18125 0.23515625 0.0375 0.0125
0 0.19609375 0.2140625 0.04375 0.015625
0 0.14453125 0.20078125 0.05 0.0171875
0 0.1828125 0.140625 0.05 0.0234375
0 0.19453125 0.125 0.05 0.01875
0 0.24140625 0.14921875 0.046875 0.0171875
0 0.24609375 0.1375 0.040625 0.015625
0 0.2375 0.12109375 0.0125 0.009375
0 0.20390625 0.11171875 0.0453125 0.015625
0 0.21796875 0.096875 0.034375 0.0125
0 0.22421875 0.0875 0.034375 0.0125
0 0.2296875 0.078125 0.0390625 0.0125
0 0.2390625 0.06953125 0.03125 0.0125
0 0.26640625 0.1125 0.0453125 0.01875
0 0.2703125 0.10078125 0.025 0.009375
0 0.2765625 0.090625 0.0328125 0.0109375
0 0.2828125 0.08125 0.046875 0.0140625
0 0.29140625 0.07109375 0.0328125 0.0125
0 0.2421875 0.05859375 0.04375 0.015625
0 0.2953125 0.0625 0.034375 0.009375
0 0.2484375 0.04765625 0.0375 0.0140625
0 0.38359375 0.13046875 0.0703125 0.0734375