0 0.8109375 0.1359375 0.040625 0.0140625
0 0.53359375 0.17421875 0.00625 0.003125
0 0.51796875 0.17109375 0.028125 0.0125
0 0.45078125 0.0875 0.034375 0.0140625
0 0.44140625 0.14375 0.009375 0.003125
0 0.43046875 0.14453125 0.021875 0.009375
0 0.60390625 0.20546875 0.028125 0.0109375
0 0.803125 0.265625 0.04375 0.0125
0 0.51328125 0.375 0.00625 0.00625
0 0.61328125 0.36875 0.0375 0.0078125
0 0.41796875 0.25703125 0.040625 0.0140625
0 0.4875 0.296875 0.0359375 0.0125
0 0.484375 0.34375 0.0328125 0.0125
0 0.528125 0.40546875 0.03125 0.009375
0 0.4609375 0.415625 0.021875 0.00625
0 0.41484375 0.37265625 0.01875 0.0078125
0 0.35546875 0.31875 0.0375 0.015625
0 0.31015625 0.37734375 0.03125 0.015625
0 0.97890625 0.46171875 0.009375 0.00625
0 0.9484375 0.40703125 0.0078125 0.0078125
0 0.790625 0.4125 0.00625 0.00625
0 0.9171875 0.40390625 0.059375 0.0125
0 0.675 0.45859375 0.0375 0.0125
0 0.7578125 0.4203125 0.059375 0.0203125
0 0.75546875 0.48515625 0.0421875 0.0125
0 0.95859375 0.4609375 0.0375 0.009375
0 0.61171875 0.70234375 0.0125 0.0046875
0 0.7359375 0.7203125 0.009375 0.0046875
0 0.771875 0.72734375 0.06875 0.0171875
0 0.6171875 0.7171875 0.0203125 0.028125
0 0.89765625 0.84296875 0.0296875 0.0125
0 0.36015625 0.79140625 0.021875 0.015625
0 0.4578125 0.8546875 0.015625 0.0203125
0 0.515625 0.90390625 0.021875 0.009375
0 0.575 0.80859375 0.0234375 0.021875
0 0.70703125 0.80078125 0.01875 0.01875
0 0.7453125 0.88203125 0.03125 0.0140625
0 0.74765625 0.99140625 0.040625 0.0109375
0 0.2921875 0.2703125 0.0359375 0.01875
0 0.2546875 0.21484375 0.0078125 0.0046875
0 0.23515625 0.20703125 0.025 0.0125
0 0.14765625 0.2296875 0.0171875 0.009375
0 0.24453125 0.346875 0.0171875 0.009375
0 0.1125 0.30703125 0.021875 0.0140625
0 0.290625 0.44765625 0.0171875 0.009375
0 0.43203125 0.51796875 0.028125 0.009375
0 0.39765625 0.64375 0.0171875 0.009375
0 0.0625 0.65390625 0.0390625 0.021875