0 0.11328125 0.746875 0.0578125 0.01875
0 0.13984375 0.77578125 0.034375 0.0125
0 0.1390625 0.78671875 0.0484375 0.015625
0 0.1765625 0.75625 0.034375 0.0125
0 0.18125 0.76484375 0.0375 0.0125
0 0.19609375 0.7859375 0.04375 0.015625
0 0.14453125 0.79921875 0.05 0.0171875
0 0.1828125 0.859375 0.05 0.0234375
0 0.19453125 0.875 0.05 0.01875
0 0.24140625 0.85078125 0.046875 0.0171875
0 0.24609375 0.8625 0.040625 0.015625
0 0.2375 0.87890625 0.0125 0.009375
0 0.20390625 0.88828125 0.0453125 0.015625
0 0.21796875 0.903125 0.034375 0.0125
0 0.22421875 0.9125 0.034375 0.0140625
0 0.2296875 0.921875 0.0390625 0.0140625
0 0.2390625 0.93046875 0.03125 0.0140625
0 0.26640625 0.8875 0.0453125 0.01875
0 0.2703125 0.89921875 0.025 0.009375
0 0.2765625 0.909375 0.0328125 0.0109375
0 0.2828125 0.91875 0.046875 0.0140625
0 0.29140625 0.92890625 0.0328125 0.0125
0 0.2421875 0.94140625 0.04375 0.0171875
0 0.2953125 0.9375 0.034375 0.009375
0 0.2484375 0.95234375 0.0375 0.0140625
0 0.38359375 0.86953125 0.0703125 0.0734375