0 0.77578125 0.27578125 0.009375 0.0421875
0 0.7890625 0.27421875 0.009375 0.04375
0 0.80078125 0.28203125 0.0109375 0.05625
0 0.80390625 0.41484375 0.0125 0.065625
0 0.703125 0.4265625 0.0078125 0.0265625
0 0.628125 0.42890625 0.00625 0.021875
0 0.6109375 0.428125 0.00625 0.025
0 0.66875 0.27578125 0.009375 0.04375
0 0.621875 0.278125 0.009375 0.046875
0 0.57734375 0.05546875 0.009375 0.040625
0 0.59765625 0.2796875 0.009375 0.046875
0 0.55078125 0.27890625 0.009375 0.046875
0 0.58671875 0.42734375 0.00625 0.0234375
0 0.57734375 0.42421875 0.0078125 0.03125
0 0.56171875 0.4296875 0.00625 0.021875
0 0.55390625 0.42578125 0.0078125 0.028125
0 0.5625 0.46484375 0.00625 0.03125
0 0.56796875 0.63046875 0.0125 0.0578125
0 0.57421875 0.71484375 0.0125 0.078125
0 0.46328125 0.89375 0.028125 0.0484375
0 0.45703125 0.84921875 0.00625 0.0078125
0 0.4609375 0.83828125 0.0375 0.01875
0 0.49296875 0.8671875 0.009375 0.009375
0 0.49375 0.81953125 0.0109375 0.084375
0 0.4640625 0.771875 0.028125 0.01875
0 0.47734375 0.70625 0.00625 0.0125
0 0.49609375 0.7046875 0.0125 0.065625
0 0.46171875 0.68203125 0.034375 0.01875
0 0.5140625 0.621875 0.0109375 0.0640625
0 0.53671875 0.4625 0.00625 0.025
0 0.53671875 0.4265625 0.00625 0.025
0 0.52734375 0.425 0.0078125 0.03125
0 0.5296875 0.4609375 0.00625 0.025
0 0.50546875 0.46171875 0.00625 0.0234375
0 0.4875 0.428125 0.00625 0.028125
0 0.5046875 0.43046875 0.00625 0.0234375
0 0.48828125 0.46328125 0.00625 0.028125
0 0.47890625 0.4625 0.00625 0.025
0 0.46484375 0.4640625 0.0078125 0.025
0 0.5265625 0.28046875 0.009375 0.0515625
0 0.52421875 0.23203125 0.0078125 0.009375
0 0.51484375 0.2203125 0.0078125 0.046875
0 0.4796875 0.27421875 0.009375 0.040625
0 0.49375 0.23046875 0.00625 0.0234375
0 0.47890625 0.22109375 0.009375 0.04375
0 0.46796875 0.2203125 0.009375 0.04375
0 0.37421875 0.2140625 0.0125 0.0546875
0 0.4328125 0.28046875 0.009375 0.0484375
0 0.42265625 0.27578125 0.009375 0.04375
0 0.3984375 0.278125 0.009375 0.0453125
0 0.3734375 0.27890625 0.009375 0.046875
0 0.45546875 0.42734375 0.00625 0.028125
0 0.43125 0.4625 0.00625 0.0265625
0 0.415625 0.46328125 0.0078125 0.028125
0 0.40546875 0.47578125 0.009375 0.0421875
0 0.40625 0.42734375 0.00625 0.0234375
0 0.3921875 0.47734375 0.0125 0.053125
0 0.36875 0.4796875 0.009375 0.05625
0 0.41640625 0.6296875 0.009375 0.0625
0 0.38203125 0.6796875 0.05 0.015625
0 0.4265625 0.946875 0.034375 0.0546875
0 0.36015625 0.63125 0.009375 0.053125
0 0.34375 0.4109375 0.0125 0.053125
0 0.35078125 0.28203125 0.0125 0.046875
0 0.3390625 0.21953125 0.0109375 0.04375
0 0.33828125 0.27421875 0.009375 0.0375
0 0.32734375 0.27578125 0.009375 0.0421875
0 0.31484375 0.21953125 0.009375 0.046875
0 0.303125 0.21953125 0.009375 0.04375
0 0.29375 0.4140625 0.0109375 0.053125
0 0.33828125 0.7328125 0.015625 0.0890625
0 0.3609375 0.89921875 0.0125 0.059375
0 0.2578125 0.478125 0.0125 0.053125
0 0.24609375 0.41484375 0.0109375 0.046875
0 0.28046875 0.27734375 0.009375 0.0484375
0 0.26640625 0.27265625 0.009375 0.034375
0 0.2453125 0.2796875 0.009375 0.05
0 0.22109375 0.284375 0.0125 0.059375
0 0.22109375 0.4125 0.0109375 0.05625
0 0.2203125 0.48203125 0.009375 0.05625
0 0.24921875 0.64140625 0.009375 0.034375
0 0.23828125 0.6453125 0.00625 0.03125
0 0.23984375 0.68359375 0.046875 0.025
0 0.22578125 0.75859375 0.021875 0.015625
0 0.22421875 0.775 0.01875 0.015625
0 0.22578125 0.79140625 0.025 0.015625
0 0.225 0.86015625 0.021875 0.0125
0 0.20625 0.81328125 0.009375 0.040625
0 0.20390625 0.715625 0.0140625 0.0375
0 0.22265625 0.6265625 0.015625 0.0625
0 0.20625 0.5671875 0.0078125 0.040625
0 0.19921875 0.565625 0.009375 0.0375
0 0.20234375 0.52734375 0.015625 0.0125
0 0.20234375 0.48125 0.0171875 0.0125
0 0.20078125 0.4671875 0.015625 0.0109375
0 0.19921875 0.4546875 0.0171875 0.0125
0 0.2015625 0.4390625 0.015625 0.0125
0 0.19609375 0.4171875 0.0125 0.009375
0 0.20078125 0.4078125 0.021875 0.0125
0 0.19921875 0.3828125 0.01875 0.0125
0 0.2015625 0.3671875 0.015625 0.0125
0 0.20078125 0.340625 0.015625 0.0125
0 0.19921875 0.29765625 0.01875 0.0125
0 0.2015625 0.2828125 0.015625 0.0125
0 0.203125 0.2296875 0.0125 0.0109375
0 0.2 0.1484375 0.0125 0.0125
0 0.2 0.08203125 0.015625 0.0125
0 0.2015625 0.0078125 0.015625 0.0109375
0 0.21796875 0.10234375 0.00625 0.025
0 0.2296875 0.109375 0.00625 0.0390625
0 0.23046875 0.05234375 0.009375 0.040625
0 0.24140625 0.05859375 0.00625 0.03125
0 0.2515625 0.05625 0.0078125 0.034375
0 0.2625 0.0546875 0.0078125 0.028125
0 0.2515625 0.1046875 0.00625 0.0328125
0 0.2625 0.10390625 0.00625 0.03125
0 0.27109375 0.10703125 0.009375 0.04375
0 0.2703125 0.06640625 0.003125 0.0125
0 0.353125 0.071875 0.00625 0.00625
0 0.27265625 0.05390625 0.00625 0.03125
0 0.284375 0.10625 0.009375 0.0421875
0 0.28203125 0.05390625 0.0078125 0.025
0 0.30234375 0.0578125 0.0078125 0.0328125
0 0.303125 0.1 0.0078125 0.03125
0 0.31328125 0.1046875 0.009375 0.040625
0 0.3140625 0.05625 0.0078125 0.034375
0 0.3234375 0.1 0.00625 0.0234375
0 0.334375 0.10078125 0.0078125 0.0296875
0 0.33359375 0.05390625 0.0078125 0.040625
0 0.3453125 0.10625 0.009375 0.0375
0 0.35546875 0.05703125 0.00625 0.03125
0 0.35390625 0.10078125 0.009375 0.034375
0 0.36640625 0.10234375 0.009375 0.0375
0 0.365625 0.05390625 0.0078125 0.034375
0 0.375 0.10546875 0.009375 0.040625
0 0.38671875 0.1046875 0.009375 0.0375
0 0.37578125 0.059375 0.009375 0.0265625
0 0.39609375 0.103125 0.00625 0.0359375
0 0.40703125 0.1078125 0.009375 0.0390625
0 0.39609375 0.05625 0.00625 0.03125
0 0.40625 0.05625 0.00625 0.03125
0 0.4265625 0.10234375 0.00625 0.028125
0 0.4375 0.0515625 0.009375 0.040625
0 0.43828125 0.10703125 0.009375 0.04375
0 0.44921875 0.1046875 0.009375 0.0390625
0 0.459375 0.053125 0.009375 0.040625
0 0.47109375 0.0546875 0.009375 0.0359375
0 0.46015625 0.10859375 0.009375 0.04375
0 0.47109375 0.1046875 0.0078125 0.034375
0 0.48203125 0.10703125 0.009375 0.04375
0 0.49140625 0.103125 0.009375 0.0375
0 0.50390625 0.10546875 0.009375 0.0453125
0 0.5140625 0.1046875 0.0078125 0.0375
0 0.50390625 0.05625 0.009375 0.03125
0 0.52578125 0.05859375 0.00625 0.0265625
0 0.525 0.10234375 0.009375 0.0328125
0 0.53671875 0.1046875 0.0078125 0.0359375
0 0.54765625 0.10703125 0.009375 0.0421875
0 0.55625 0.10625 0.0078125 0.04375
0 0.57734375 0.103125 0.009375 0.034375
0 0.5890625 0.10625 0.009375 0.04375
0 0.59921875 0.05859375 0.00625 0.028125
0 0.609375 0.103125 0.009375 0.03125
0 0.62890625 0.05390625 0.0078125 0.0328125
0 0.65 0.103125 0.00625 0.034375
0 0.6609375 0.10234375 0.00625 0.0234375
0 0.659375 0.0515625 0.009375 0.04375
0 0.69140625 0.04921875 0.0078125 0.025
0 0.7015625 0.10390625 0.009375 0.03125
0 0.71171875 0.053125 0.009375 0.0375
0 0.7109375 0.09609375 0.00625 0.025
0 0.7203125 0.103125 0.009375 0.0421875
0 0.72109375 0.053125 0.0078125 0.0375
0 0.74140625 0.10390625 0.009375 0.0375
0 0.7328125 0.053125 0.0109375 0.040625
0 0.759375 0.0875 0.00625 0.0125
0 0.753125 0.10703125 0.009375 0.034375
0 0.83359375 0.25703125 0.0046875 0.009375
0 0.825 0.27421875 0.009375 0.040625
0 0.8359375 0.278125 0.009375 0.046875
0 0.8484375 0.27734375 0.009375 0.046875
0 0.846875 0.21640625 0.0125 0.0453125
0 0.7734375 0.10703125 0.0078125 0.034375
0 0.79609375 0.10625 0.009375 0.046875
0 0.81640625 0.10234375 0.009375 0.034375
0 0.82734375 0.1 0.00625 0.0265625
0 0.8375 0.10390625 0.009375 0.040625
0 0.84921875 0.1015625 0.0078125 0.034375
0 0.83671875 0.06015625 0.0078125 0.03125
0 0.8625 0.09140625 0.0125 0.078125
0 0.91328125 0.1296875 0.0203125 0.015625
0 0.909375 0.09140625 0.0234375 0.01875
0 0.6546875 0.628125 0.009375 0.046875
0 0.58671875 0.4640625 0.00625 0.028125
0 0.61171875 0.46015625 0.009375 0.03125
0 0.63671875 0.46328125 0.009375 0.03125
0 0.66484375 0.46875 0.0109375 0.040625
0 0.728125 0.475 0.0125 0.05
0 0.75 0.465625 0.009375 0.0375
0 0.77890625 0.48046875 0.0125 0.05625
0 0.6109375 0.709375 0.015625 0.065625
0 0.6265625 0.70703125 0.0140625 0.0828125
0 0.7765625 0.64453125 0.034375 0.059375
0 0.8484375 0.53828125 0.0328125 0.05625
0 0.9 0.46328125 0.021875 0.040625