0 0.18046875 0.8703125 0.0171875 0.0203125
0 0.30390625 0.8578125 0.015625 0.028125
0 0.303125 0.946875 0.015625 0.025
0 0.42265625 0.96875 0.01875 0.021875
0 0.44140625 0.865625 0.01875 0.0328125
0 0.50546875 0.9328125 0.0171875 0.028125
0 0.52734375 0.77421875 0.015625 0.028125
0 0.6328125 0.93203125 0.0125 0.0046875
0 0.64140625 0.94609375 0.021875 0.025
0 0.6171875 0.85390625 0.025 0.0390625
0 0.63359375 0.75625 0.0234375 0.034375
0 0.76640625 0.78984375 0.01875 0.025
0 0.790625 0.85234375 0.025 0.028125
0 0.74296875 0.91484375 0.015625 0.021875
0 0.76328125 0.97734375 0.0140625 0.01875
0 0.92578125 0.96015625 0.0171875 0.0296875
0 0.9265625 0.87578125 0.015625 0.021875
0 0.93515625 0.80078125 0.0140625 0.0203125
0 0.88125 0.74453125 0.01875 0.025
0 0.69140625 0.27109375 0.0125 0.0203125
0 0.34296875 0.06953125 0.025 0.03125
0 0.1046875 0.025 0.0140625 0.0171875