0 0.8703125 0.81953125 0.0203125 0.0171875
0 0.8578125 0.69609375 0.028125 0.015625
0 0.946875 0.696875 0.025 0.015625
0 0.96875 0.57734375 0.021875 0.01875
0 0.865625 0.55859375 0.0328125 0.01875
0 0.9328125 0.49453125 0.028125 0.0171875
0 0.77421875 0.47265625 0.028125 0.015625
0 0.93203125 0.3671875 0.0046875 0.0125
0 0.94609375 0.35859375 0.025 0.021875
0 0.85390625 0.3828125 0.0390625 0.025
0 0.75625 0.36640625 0.034375 0.0234375
0 0.78984375 0.23359375 0.025 0.01875
0 0.85234375 0.209375 0.028125 0.025
0 0.91484375 0.25703125 0.021875 0.015625
0 0.97734375 0.23671875 0.01875 0.0140625
0 0.96015625 0.07421875 0.0296875 0.0171875
0 0.87578125 0.0734375 0.021875 0.015625
0 0.80078125 0.06484375 0.021875 0.0140625
0 0.74453125 0.11875 0.025 0.01875
0 0.27109375 0.30859375 0.0203125 0.0125
0 0.06953125 0.65703125 0.03125 0.025
0 0.025 0.8953125 0.0171875 0.0140625