0 0.259375 0.740625 0.1390625 0.034375
0 0.38984375 0.05625 0.0375 0.0859375
0 0.35234375 0.03125 0.01875 0.0328125
0 0.3546875 0.07734375 0.0171875 0.03125
0 0.3328125 0.07734375 0.021875 0.034375
0 0.30625 0.0765625 0.0203125 0.03125
0 0.30390625 0.03203125 0.021875 0.034375
0 0.28359375 0.03203125 0.0203125 0.034375
0 0.28359375 0.075 0.015625 0.025
0 0.259375 0.07890625 0.01875 0.03125
0 0.25859375 0.0328125 0.01875 0.034375
0 0.2375 0.0359375 0.01875 0.03125
0 0.2390625 0.07890625 0.01875 0.034375
0 0.21484375 0.08046875 0.01875 0.034375
0 0.21328125 0.0359375 0.015625 0.028125
0 0.19296875 0.07890625 0.015625 0.0296875
0 0.190625 0.03515625 0.01875 0.03125
0 0.1703125 0.03984375 0.015625 0.025
0 0.1703125 0.078125 0.01875 0.028125
0 0.1484375 0.0796875 0.01875 0.034375
0 0.1484375 0.034375 0.021875 0.0359375
0 0.12421875 0.03671875 0.01875 0.03125
0 0.12421875 0.0828125 0.021875 0.034375
0 0.10234375 0.07890625 0.015625 0.0296875
0 0.1046875 0.0515625 0.015625 0.00625
0 0.1015625 0.034375 0.01875 0.03125
0 0.07578125 0.03515625 0.021875 0.034375
0 0.08125 0.0796875 0.015625 0.025
0 0.03046875 0.06640625 0.015625 0.00625
0 0.03515625 0.08359375 0.0171875 0.028125
0 0.03046875 0.03671875 0.01875 0.03125
0 0.01015625 0.0390625 0.01875 0.03125
0 0.06015625 0.15390625 0.0140625 0.03125
0 0.03828125 0.15234375 0.01875 0.0296875
0 0.0140625 0.15390625 0.015625 0.03125
0 0.0828125 0.15390625 0.0171875 0.03125
0 0.1078125 0.153125 0.01875 0.034375
0 0.12890625 0.1515625 0.01875 0.028125
0 0.1515625 0.15390625 0.015625 0.03125
0 0.17421875 0.15 0.01875 0.0328125
0 0.19765625 0.15234375 0.01875 0.0359375
0 0.2203125 0.1515625 0.0171875 0.03125
0 0.24296875 0.1515625 0.0171875 0.03125
0 0.26640625 0.15078125 0.01875 0.0296875
0 0.2890625 0.14921875 0.01875 0.03125
0 0.31015625 0.14921875 0.015625 0.0328125
0 0.33359375 0.15 0.01875 0.0375
0 0.35703125 0.14921875 0.0203125 0.034375
0 0.3859375 0.1515625 0.0234375 0.034375
0 0.359375 0.19453125 0.015625 0.028125
0 0.33671875 0.1921875 0.01875 0.034375
0 0.3109375 0.190625 0.015625 0.0234375
0 0.28828125 0.19375 0.01875 0.0296875
0 0.2640625 0.19140625 0.0203125 0.0296875
0 0.24375 0.190625 0.0171875 0.0296875
0 0.22109375 0.19375 0.01875 0.03125
0 0.19921875 0.19375 0.01875 0.028125
0 0.1765625 0.19375 0.0234375 0.0328125
0 0.1546875 0.19296875 0.01875 0.03125
0 0.1296875 0.1953125 0.01875 0.028125
0 0.10859375 0.19453125 0.01875 0.03125
0 0.08515625 0.19375 0.0203125 0.028125
0 0.0625 0.19375 0.0171875 0.0265625
0 0.04140625 0.1984375 0.021875 0.0328125
0 0.01796875 0.2 0.01875 0.0375
0 0.1203125 0.26953125 0.171875 0.0296875
0 0.36953125 0.29453125 0.0125 0.015625
0 0.29140625 0.26640625 0.115625 0.0296875
0 0.30546875 0.2984375 0.115625 0.025
0 0.19296875 0.29921875 0.09375 0.021875
0 0.08203125 0.3046875 0.115625 0.0296875
0 0.18046875 0.37578125 0.1609375 0.0390625
0 0.0359375 0.41796875 0.01875 0.01875
0 0.17265625 0.42734375 0.253125 0.05
0 0.2984375 0.49453125 0.10625 0.028125
0 0.12265625 0.49296875 0.146875 0.034375
0 0.05546875 0.534375 0.01875 0.025
0 0.07578125 0.5296875 0.0171875 0.025
0 0.140625 0.53203125 0.01875 0.0234375
0 0.16328125 0.53515625 0.021875 0.0375
0 0.1828125 0.53671875 0.021875 0.03125
0 0.20703125 0.53515625 0.01875 0.034375
0 0.2296875 0.53359375 0.01875 0.03125
0 0.25703125 0.5390625 0.025 0.040625
0 0.2796875 0.5359375 0.01875 0.03125
0 0.30390625 0.53515625 0.01875 0.0359375
0 0.33125 0.53515625 0.01875 0.028125
0 0.36640625 0.52890625 0.034375 0.053125
0 0.3109375 0.59453125 0.071875 0.01875
0 0.1875 0.59765625 0.053125 0.0140625
0 0.20546875 0.6265625 0.146875 0.0265625
0 0.13984375 0.646875 0.05 0.0125
0 0.146875 0.65859375 0.071875 0.0171875
0 0.13671875 0.678125 0.059375 0.015625
0 0.1859375 0.703125 0.1796875 0.0328125
0 0.30625 0.70859375 0.0484375 0.0125
0 0.10625 0.7921875 0.040625 0.1296875
0 0.0609375 0.771875 0.053125 0.1359375
0 0.59375 0.3328125 0.03125 0.0515625
0 0.62109375 0.33203125 0.025 0.053125
0 0.578125 0.4078125 0.103125 0.0234375
0 0.584375 0.63984375 0.16875 0.0265625
0 0.5890625 0.6640625 0.1265625 0.025