0 0.934375 0.12421875 0.071875 0.06875
0 0.91328125 0.12109375 0.021875 0.021875
0 0.62578125 0.25390625 0.13125 0.059375
0 0.57265625 0.2953125 0.1546875 0.059375
0 0.6875 0.83828125 0.0375 0.0578125
0 0.6671875 0.83828125 0.0390625 0.0609375
0 0.6921875 0.90234375 0.0859375 0.059375
0 0.6625 0.9859375 0.015625 0.0265625
0 0.4328125 0.83515625 0.03125 0.071875
0 0.30625 0.97265625 0.034375 0.015625
0 0.365625 0.95234375 0.05625 0.0265625
0 0.146875 0.06875 0.05 0.078125
0 0.121875 0.0796875 0.0625 0.0953125