0 0.10234375 0.15390625 0.00625 0.009375
0 0.109375 0.16328125 0.0125 0.025
0 0.1078125 0.14453125 0.00625 0.0078125
0 0.11328125 0.14296875 0.0078125 0.0125
0 0.13046875 0.14296875 0.009375 0.0125
0 0.12890625 0.16015625 0.009375 0.015625
0 0.14453125 0.13828125 0.0109375 0.015625
0 0.171875 0.1328125 0.00625 0.009375
0 0.18515625 0.14140625 0.0375 0.00625
0 0.19140625 0.1671875 0.0171875 0.034375
0 0.21796875 0.14921875 0.0109375 0.0171875
0 0.3203125 0.28671875 0.03125 0.075
0 0.30703125 0.36796875 0.03125 0.075
0 0.27734375 0.37578125 0.028125 0.05625
0 0.59453125 0.05625 0.040625 0.0890625
0 0.58046875 0.19609375 0.03125 0.0828125
0 0.26015625 0.51328125 0.0625 0.028125
0 0.10703125 0.8515625 0.1203125 0.053125
0 0.4234375 0.73671875 0.0625 0.05
0 0.46875 0.7953125 0.0390625 0.08125