0 0.87578125 0.934375 0.06875 0.071875
0 0.87890625 0.91328125 0.021875 0.021875
0 0.74609375 0.62578125 0.059375 0.13125
0 0.7046875 0.57265625 0.059375 0.1546875
0 0.16171875 0.6875 0.05625 0.0375
0 0.16171875 0.6671875 0.059375 0.0390625
0 0.09765625 0.6921875 0.059375 0.0859375
0 0.0140625 0.6625 0.0265625 0.015625
0 0.16484375 0.4328125 0.071875 0.03125
0 0.02734375 0.30625 0.015625 0.034375
0 0.04765625 0.365625 0.0265625 0.05625
0 0.93125 0.146875 0.078125 0.05
0 0.9203125 0.121875 0.0953125 0.0625