0 0.89765625 0.84609375 0.00625 0.009375
0 0.890625 0.83671875 0.0125 0.025
0 0.8921875 0.85546875 0.00625 0.0078125
0 0.88671875 0.85703125 0.0078125 0.0125
0 0.86953125 0.85703125 0.009375 0.0125
0 0.87109375 0.83984375 0.009375 0.015625
0 0.85546875 0.86171875 0.0109375 0.015625
0 0.828125 0.8671875 0.00625 0.009375
0 0.81484375 0.85859375 0.0375 0.00625
0 0.80859375 0.8328125 0.0171875 0.034375
0 0.78203125 0.85078125 0.0109375 0.0171875
0 0.6796875 0.71328125 0.03125 0.075
0 0.69296875 0.63203125 0.03125 0.075
0 0.72265625 0.62421875 0.028125 0.05625
0 0.40546875 0.94375 0.040625 0.0890625
0 0.41953125 0.80390625 0.03125 0.0828125
0 0.73984375 0.48671875 0.0625 0.028125
0 0.89296875 0.1484375 0.1203125 0.053125
0 0.5765625 0.26328125 0.0625 0.05
0 0.53125 0.2046875 0.0390625 0.08125