0 0.2125 0.43671875 0.0046875 0.009375
0 0.30390625 0.4171875 0.00625 0.0078125
0 0.334375 0.44453125 0.0078125 0.00625
0 0.3578125 0.46484375 0.0078125 0.0078125
0 0.4375 0.46796875 0.009375 0.00625
0 0.49453125 0.48125 0.00625 0.0078125
0 0.53203125 0.49140625 0.0078125 0.009375
0 0.6390625 0.41640625 0.0125 0.0125
0 0.61796875 0.45390625 0.009375 0.0109375
0 0.58203125 0.465625 0.0078125 0.0078125
0 0.59609375 0.5078125 0.0078125 0.0078125
0 0.65859375 0.49765625 0.00625 0.009375
0 0.659375 0.528125 0.00625 0.0078125
0 0.69140625 0.56171875 0.00625 0.009375
0 0.82265625 0.521875 0.0125 0.0171875
0 0.94375 0.1828125 0.015625 0.03125