0 0.2125 0.56328125 0.0046875 0.009375
0 0.30390625 0.5828125 0.00625 0.0078125
0 0.334375 0.55546875 0.0078125 0.00625
0 0.3578125 0.53515625 0.0078125 0.0078125
0 0.4375 0.53203125 0.009375 0.00625
0 0.49453125 0.51875 0.00625 0.0078125
0 0.53203125 0.50859375 0.0078125 0.009375
0 0.6390625 0.58359375 0.0125 0.0125
0 0.61796875 0.54609375 0.009375 0.0109375
0 0.58203125 0.534375 0.0078125 0.0078125
0 0.59609375 0.4921875 0.0078125 0.0078125
0 0.65859375 0.50234375 0.00625 0.009375
0 0.659375 0.471875 0.00625 0.0078125
0 0.69140625 0.43828125 0.00625 0.009375
0 0.82265625 0.478125 0.0125 0.0171875
0 0.94375 0.8171875 0.015625 0.03125