0 0.22734375 0.0578125 0.00625 0.0125
0 0.2640625 0.28203125 0.0046875 0.00625
0 0.26015625 0.26953125 0.009375 0.025
0 0.46640625 0.93671875 0.05 0.04375
0 0.37421875 0.95859375 0.015625 0.0125
0 0.26953125 0.96015625 0.04375 0.0203125
0 0.18984375 0.9390625 0.025 0.021875
0 0.175 0.93046875 0.015625 0.0125
0 0.165625 0.92734375 0.01875 0.01875
0 0.228125 0.89140625 0.021875 0.025
0 0.24140625 0.88203125 0.0375 0.0390625
0 0.25625 0.87421875 0.0375 0.0359375
0 0.2640625 0.8578125 0.03125 0.028125
0 0.284375 0.83671875 0.028125 0.025
0 0.3125 0.81484375 0.0328125 0.0328125
0 0.325 0.80234375 0.0265625 0.0265625
0 0.346875 0.78828125 0.028125 0.0265625
0 0.29140625 0.7859375 0.015625 0.015625
0 0.275 0.7984375 0.021875 0.01875
0 0.24296875 0.825 0.0140625 0.0125
0 0.1953125 0.86640625 0.0125 0.0125
0 0.16796875 0.80234375 0.0203125 0.0203125
0 0.1609375 0.81015625 0.0171875 0.01875
0 0.15234375 0.81796875 0.01875 0.01875
0 0.14375 0.82421875 0.0171875 0.01875
0 0.125 0.83671875 0.01875 0.0171875
0 0.0921875 0.84453125 0.009375 0.009375
0 0.1 0.8546875 0.0125 0.0125
0 0.140625 0.79765625 0.0109375 0.0109375
0 0.21640625 0.76015625 0.009375 0.009375
0 0.21015625 0.76640625 0.01875 0.0203125
0 0.2265625 0.75234375 0.0203125 0.021875
0 0.25234375 0.73203125 0.01875 0.01875
0 0.2703125 0.71796875 0.01875 0.01875
0 0.28984375 0.7046875 0.021875 0.021875
0 0.30546875 0.68984375 0.021875 0.021875
0 0.31875 0.684375 0.025 0.025
0 0.32734375 0.66953125 0.03125 0.028125
0 0.34453125 0.68671875 0.0125 0.0109375
0 0.37265625 0.55859375 0.009375 0.00625
0 0.375 0.55703125 0.009375 0.009375
0 0.384375 0.55234375 0.0109375 0.0109375
0 0.35703125 0.54296875 0.01875 0.021875
0 0.3390625 0.546875 0.0125 0.0109375
0 0.33046875 0.55390625 0.0125 0.0140625
0 0.31953125 0.56015625 0.0125 0.015625
0 0.29453125 0.56875 0.009375 0.009375
0 0.28359375 0.57734375 0.0125 0.009375
0 0.27578125 0.6046875 0.0796875 0.0453125
0 0.16875 0.6890625 0.18125 0.0984375
0 0.1015625 0.68671875 0.009375 0.009375
0 0.1125 0.678125 0.00625 0.00625
0 0.109375 0.65390625 0.009375 0.009375
0 0.128125 0.61484375 0.0375 0.0515625
0 0.0578125 0.68515625 0.10625 0.071875
0 0.11640625 0.2953125 0.00625 0.00625
0 0.12421875 0.2875 0.0125 0.025
0 0.0359375 0.19375 0.009375 0.01875
0 0.1265625 0.103125 0.00625 0.0125
0 0.059375 0.00703125 0.0078125 0.0125