0 0.22734375 0.9421875 0.00625 0.0125
0 0.2640625 0.71796875 0.0046875 0.00625
0 0.26015625 0.73046875 0.009375 0.025
0 0.46640625 0.06328125 0.05 0.04375
0 0.37421875 0.04140625 0.015625 0.0125
0 0.26953125 0.03984375 0.04375 0.01875
0 0.18984375 0.0609375 0.025 0.021875
0 0.175 0.06953125 0.015625 0.0125
0 0.165625 0.07265625 0.01875 0.01875
0 0.228125 0.10859375 0.021875 0.025
0 0.24140625 0.11796875 0.0375 0.0375
0 0.25625 0.12578125 0.0375 0.0359375
0 0.2640625 0.1421875 0.03125 0.028125
0 0.284375 0.16328125 0.028125 0.025
0 0.3125 0.18515625 0.0328125 0.0328125
0 0.325 0.19765625 0.0265625 0.0265625
0 0.346875 0.21171875 0.028125 0.0265625
0 0.29140625 0.2140625 0.015625 0.015625
0 0.275 0.2015625 0.021875 0.01875
0 0.24296875 0.175 0.0140625 0.0125
0 0.1953125 0.13359375 0.0125 0.0125
0 0.16796875 0.19765625 0.0203125 0.021875
0 0.1609375 0.18984375 0.0171875 0.01875
0 0.15234375 0.18203125 0.01875 0.01875
0 0.14375 0.17578125 0.0171875 0.01875
0 0.125 0.16328125 0.01875 0.0171875
0 0.0921875 0.15546875 0.009375 0.009375
0 0.1 0.1453125 0.0125 0.0125
0 0.140625 0.20234375 0.0109375 0.009375
0 0.21640625 0.23984375 0.009375 0.009375
0 0.21015625 0.23359375 0.01875 0.0203125
0 0.2265625 0.24765625 0.0203125 0.021875
0 0.25234375 0.26796875 0.01875 0.01875
0 0.2703125 0.28203125 0.01875 0.01875
0 0.28984375 0.2953125 0.021875 0.021875
0 0.30546875 0.31015625 0.021875 0.021875
0 0.31875 0.315625 0.025 0.025
0 0.32734375 0.33046875 0.03125 0.028125
0 0.34453125 0.31328125 0.0125 0.0109375
0 0.37265625 0.44140625 0.009375 0.00625
0 0.375 0.44296875 0.009375 0.009375
0 0.384375 0.44765625 0.0109375 0.0109375
0 0.35703125 0.45703125 0.01875 0.021875
0 0.3390625 0.453125 0.0125 0.0109375
0 0.33046875 0.44609375 0.0125 0.0140625
0 0.31953125 0.43984375 0.0125 0.015625
0 0.29453125 0.43125 0.009375 0.009375
0 0.28359375 0.42265625 0.0125 0.009375
0 0.27578125 0.3953125 0.0796875 0.0453125
0 0.16875 0.3109375 0.18125 0.0984375
0 0.1015625 0.31328125 0.009375 0.009375
0 0.1125 0.321875 0.00625 0.00625
0 0.109375 0.34609375 0.009375 0.009375
0 0.128125 0.38515625 0.0375 0.0515625
0 0.0578125 0.31484375 0.10625 0.071875
0 0.11640625 0.7046875 0.00625 0.00625
0 0.12421875 0.7125 0.0125 0.025
0 0.0359375 0.80625 0.009375 0.01875
0 0.1265625 0.896875 0.00625 0.0125
0 0.059375 0.99296875 0.0078125 0.0125