0 0.9421875 0.77265625 0.0125 0.00625
0 0.71796875 0.7359375 0.00625 0.0046875
0 0.73046875 0.73984375 0.025 0.009375
0 0.06328125 0.53359375 0.04375 0.05
0 0.04140625 0.62578125 0.0125 0.015625
0 0.03984375 0.73046875 0.01875 0.04375
0 0.0609375 0.81015625 0.021875 0.025
0 0.06953125 0.825 0.0125 0.015625
0 0.07265625 0.834375 0.01875 0.01875
0 0.10859375 0.771875 0.025 0.021875
0 0.11796875 0.75859375 0.0375 0.0375
0 0.12578125 0.74375 0.0359375 0.0375
0 0.1421875 0.7359375 0.028125 0.03125
0 0.16328125 0.715625 0.025 0.028125
0 0.18515625 0.6875 0.0328125 0.0328125
0 0.19765625 0.675 0.0265625 0.0265625
0 0.21171875 0.653125 0.0265625 0.028125
0 0.2140625 0.70859375 0.015625 0.015625
0 0.2015625 0.725 0.01875 0.021875
0 0.175 0.75703125 0.0125 0.0140625
0 0.13359375 0.8046875 0.0125 0.0125
0 0.19765625 0.83203125 0.021875 0.0203125
0 0.18984375 0.8390625 0.01875 0.0171875
0 0.18203125 0.84765625 0.01875 0.01875
0 0.17578125 0.85625 0.01875 0.0171875
0 0.16328125 0.875 0.0171875 0.01875
0 0.15546875 0.9078125 0.009375 0.009375
0 0.1453125 0.9 0.0125 0.0125
0 0.20234375 0.859375 0.009375 0.0109375
0 0.23984375 0.78359375 0.009375 0.009375
0 0.23359375 0.78984375 0.0203125 0.01875
0 0.24765625 0.7734375 0.021875 0.0203125
0 0.26796875 0.74765625 0.01875 0.01875
0 0.28203125 0.7296875 0.01875 0.01875
0 0.2953125 0.71015625 0.021875 0.021875
0 0.31015625 0.69453125 0.021875 0.021875
0 0.315625 0.68125 0.025 0.025
0 0.33046875 0.67265625 0.028125 0.03125
0 0.31328125 0.65546875 0.0109375 0.0125
0 0.44140625 0.62734375 0.00625 0.009375
0 0.44296875 0.625 0.009375 0.009375
0 0.44765625 0.615625 0.0109375 0.0109375
0 0.45703125 0.64296875 0.021875 0.01875
0 0.453125 0.6609375 0.0109375 0.0125
0 0.44609375 0.66953125 0.0140625 0.0125
0 0.43984375 0.68046875 0.015625 0.0125
0 0.43125 0.70546875 0.009375 0.009375
0 0.42265625 0.71640625 0.009375 0.0125
0 0.3953125 0.72421875 0.0453125 0.0796875
0 0.3109375 0.83125 0.0984375 0.18125
0 0.31328125 0.8984375 0.009375 0.009375
0 0.321875 0.8875 0.00625 0.00625
0 0.34609375 0.890625 0.009375 0.009375
0 0.38515625 0.871875 0.0515625 0.0375
0 0.31484375 0.9421875 0.071875 0.10625
0 0.7046875 0.88359375 0.00625 0.00625
0 0.7125 0.87578125 0.025 0.0125
0 0.80625 0.9640625 0.01875 0.009375
0 0.896875 0.8734375 0.0125 0.00625
0 0.99296875 0.940625 0.0125 0.0078125