0 0.67890625 0.9609375 0.0203125 0.03125
0 0.58203125 0.84609375 0.0265625 0.0171875
0 0.81171875 0.94296875 0.0296875 0.0328125
0 0.63046875 0.77265625 0.040625 0.028125
0 0.78125 0.84453125 0.046875 0.0296875
0 0.79765625 0.746875 0.0484375 0.053125
0 0.8296875 0.6359375 0.0734375 0.046875
0 0.83203125 0.17890625 0.0578125 0.025
0 0.409375 0.80234375 0.05 0.01875
0 0.42265625 0.83359375 0.05 0.01875
0 0.42109375 0.8421875 0.05 0.0171875
0 0.15390625 0.83828125 0.0421875 0.046875
0 0.1234375 0.66640625 0.078125 0.0359375
0 0.3734375 0.56171875 0.05 0.0171875
0 0.58984375 0.49375 0.025 0.05
0 0.71875 0.38359375 0.028125 0.05
0 0.7078125 0.43671875 0.025 0.0515625