0 0.16328125 0.8625 0.03125 0.021875
0 0.225 0.72578125 0.01875 0.028125
0 0.2390625 0.97421875 0.034375 0.03125
0 0.31171875 0.7375 0.03125 0.0421875
0 0.3140625 0.90390625 0.0328125 0.0484375
0 0.4078125 0.87578125 0.05625 0.0515625
0 0.52265625 0.85546875 0.0515625 0.075
0 0.934375 0.6578125 0.028125 0.0578125
0 0.18828125 0.55078125 0.021875 0.0484375
0 0.16640625 0.5765625 0.021875 0.0484375
0 0.1578125 0.57890625 0.0203125 0.05
0 0.04375 0.3375 0.0484375 0.04375
0 0.18515625 0.234375 0.040625 0.078125
0 0.3890625 0.41328125 0.0203125 0.05
0 0.5453125 0.57734375 0.0515625 0.028125
0 0.70078125 0.6453125 0.05 0.0296875
0 0.64765625 0.659375 0.0515625 0.028125