0 0.778125 0.909375 0.0171875 0.028125
0 0.6578125 0.81875 0.025 0.0140625
0 0.903125 0.8609375 0.0265625 0.0296875
0 0.6890625 0.73671875 0.0375 0.0234375
0 0.8515625 0.771875 0.04375 0.0234375
0 0.8453125 0.67421875 0.0421875 0.0484375
0 0.8515625 0.5578125 0.0703125 0.0375
0 0.7515625 0.11171875 0.05625 0.015625
0 0.4796875 0.81484375 0.0484375 0.0109375
0 0.49921875 0.8421875 0.0484375 0.0109375
0 0.5 0.85078125 0.05 0.009375
0 0.2390625 0.9078125 0.0359375 0.0421875
0 0.1703125 0.746875 0.075 0.025
0 0.390625 0.58828125 0.05 0.009375
0 0.5859375 0.4734375 0.0171875 0.0484375
0 0.68671875 0.3375 0.0203125 0.046875
0 0.68828125 0.39140625 0.0171875 0.05