0 0.08134977016297034 0.763030142608316 0.0281027998328408 0.010106076200417036
0 0.17000300202674467 0.6468610170494084 0.012611784371082324 0.024836464807341683
0 0.12022774709710838 0.8900010438413362 0.029063936481404096 0.020003479471120388
0 0.2068901107396073 0.6806004279749478 0.02238194734642708 0.037731384829000910
0 0.2109423318010860 0.8418808733472012 0.021479314667781028 0.043389004871209066
0 0.31369828666940204 0.8389979123173278 0.046619306310071044 0.03974947807933194
0 0.42906907793064060 0.8489302818371608 0.03002862010670706 0.06913013221990208
0 0.8792180041161721 0.7600730688930282 0.014442122808336816 0.00712090680400811
0 0.1809048683660677 0.469116214330421 0.009790236100307146 0.0483780664078984
0 0.1081947346427079 0.4877100080027836 0.008717091016924362 0.04808733472012178
0 0.14904032090068903 0.4876617904070981 0.007643120783030311 0.000670017397300096
0 0.10127872962808192 0.22473208072373 0.04147931466778103 0.03349338900487126
0 0.26008984038236024 0.16210800949890614 0.021316339323020492 0.07613082811412660
0 0.410762641036306 0.3871398747390397 0.0081027998328408 0.000368823938761300
0 0.0237860426243209 0.0869171880873347 0.04863769327204346 0.010809429366736207
0 0.6008629330062006 0.6918010786360473 0.047438361888842406 0.019082463460003236
0 0.6016422900120366 0.6920200021920669 0.04973200328040117 0.016400939407202006