0 0.7259615384615384 0.27403846153846156 0.09014423076923077 0.09134615384615384
0 0.22596153846153846 0.5168269230769231 0.06610576923076923 0.08413461538461539
0 0.32572115384615385 0.46153846153846156 0.05048076923076923 0.0625
0 0.28365384615384615 0.7451923076923077 0.04447115384615385 0.06009615384615385
0 0.47115384615384615 0.43149038461538464 0.06009615384615385 0.078125
0 0.34615384615384615 0.5637019230769231 0.04927884615384615 0.056490384615384616
0 0.5240384615384616 0.7055288461538461 0.04927884615384615 0.07451923076923077
0 0.36538461538461536 0.6574519230769231 0.06610576923076923 0.056490384615384616
0 0.6382211538461539 0.6899038461538461 0.04927884615384615 0.06009615384615385
0 0.7403846153846154 0.7836538461538461 0.0625 0.06610576923076923
0 0.47115384615384615 0.8918269230769231 0.05889423076923077 0.06850961538461539