0 0.8858173076923077 0.328125 0.04447115384615385 0.05889423076923077
0 0.5757211538461539 0.39903846153846156 0.038461538461538464 0.06009615384615385
0 0.4891826923076923 0.48677884615384615 0.040865384615384616 0.05889423076923077
0 0.5096153846153846 0.6754807692307693 0.03125 0.07451923076923077
0 0.6694711538461539 0.6790865384615384 0.04326923076923077 0.06490384615384616
0 0.5853365384615384 0.7560096153846154 0.04447115384615385 0.078125
0 0.7427884615384616 0.4182692307692308 0.04927884615384615 0.046875
0 0.9627403846153846 0.6189903846153846 0.046875 0.046875
0 0.8052884615384616 0.9555288461538461 0.040865384615384616 0.046875
0 0.8461538461538461 0.6346153846153846 0.052884615384615384 0.04326923076923077
0 0.7716346153846154 0.6899038461538461 0.055288461538461536 0.040865384615384616
0 0.7524038461538461 0.7884615384615384 0.038461538461538464 0.046875
0 0.875 0.7007211538461539 0.046875 0.052884615384615384
0 0.9411057692307693 0.7884615384615384 0.04326923076923077 0.055288461538461536
0 0.859375 0.9026442307692307 0.046875 0.0625
0 0.9435096153846154 0.9411057692307693 0.046875 0.06610576923076923