0 0.22355769230769232 0.09254807692307693 0.040865384615384616 0.040865384615384616
0 0.3798076923076923 0.17427884615384615 0.040865384615384616 0.052884615384615384
0 0.25961538461538464 0.21153846153846154 0.04326923076923077 0.0625
0 0.3473557692307692 0.36778846153846156 0.04326923076923077 0.046875
0 0.5276442307692307 0.48677884615384615 0.05889423076923077 0.06971153846153846
0 0.36899038461538464 0.5384615384615384 0.05048076923076923 0.05889423076923077
0 0.6814903846153846 0.46875 0.04326923076923077 0.046875
0 0.34134615384615385 0.75 0.040865384615384616 0.038461538461538464
0 0.8209134615384616 0.5841346153846154 0.04927884615384615 0.04326923076923077
0 0.5120192307692307 0.7007211538461539 0.046875 0.040865384615384616
0 0.34134615384615385 0.8449519230769231 0.04447115384615385 0.03365384615384615
0 0.36899038461538464 0.9038461538461539 0.038461538461538464 0.03485576923076923
0 0.6586538461538461 0.6550480769230769 0.040865384615384616 0.037259615384615384
0 0.7043269230769231 0.6610576923076923 0.028846153846153848 0.056490384615384616
0 0.3545673076923077 0.43990384615384615 0.040865384615384616 0.038461538461538464
0 0.5649038461538461 0.8341346153846154 0.05048076923076923 0.046875
0 0.5324519230769231 0.9807692307692307 0.028846153846153848 0.03485576923076923
0 0.5649038461538461 0.8942307692307693 0.04326923076923077 0.03485576923076923
0 0.7319711538461539 0.5817307692307693 0.04326923076923077 0.04326923076923077
0 0.7524038461538461 0.6959134615384616 0.04326923076923077 0.040865384615384616
0 0.6286057692307693 0.9290865384615384 0.038461538461538464 0.040865384615384616
0 0.6959134615384616 0.8112980769230769 0.04447115384615385 0.037259615384615384
0 0.828125 0.7367788461538461 0.03485576923076923 0.03485576923076923
0 0.8221153846153846 0.7992788461538461 0.03485576923076923 0.04447115384615385
0 0.5829326923076923 0.9735576923076923 0.025240384615384616 0.028846153846153848
0 0.7824519230769231 0.9038461538461539 0.025240384615384616 0.037259615384615384
0 0.8365384615384616 0.8689903846153846 0.046875 0.038461538461538464
0 0.6766826923076923 0.9651442307692307 0.037259615384615384 0.03485576923076923
0 0.7211538461538461 0.9603365384615384 0.037259615384615384 0.040865384615384616
0 0.7848557692307693 0.9711538461538461 0.03125 0.028846153846153848
0 0.7548076923076923 0.9399038461538461 0.03365384615384615 0.028846153846153848