0 0.7740384605384606 0.30490384605384605 0.009605384605384606 0.03485576923076923
0 0.7039423076923077 0.3557692307692308 0.003220053846053846 0.027644230769230768
0 0.84375 0.3006826923076923 0.03025 0.04447005384605385
0 0.8677884605384606 0.34605384605384605 0.008028846053846052 0.027644230769230768
0 0.8097005384605384 0.3954326923076923 0.025240384605384606 0.037259605384605384
0 0.8822005384605384 0.40586538460538464 0.025240384605384606 0.03025
0 0.8930288460538460 0.4650442307692308 0.003220053846053846 0.02403846053846054
0 0.9230769230769230 0.5444700538460539 0.008028846053846052 0.03025
0 0.8990384605384606 0.5720053846053846 0.008028846053846052 0.03025
0 0.8607788460538460 0.7439903846053846 0.020634605384605384 0.027644230769230768
0 0.8076923076923077 0.6900057692307693 0.003220053846053846 0.03025
0 0.8097005384605384 0.8060057692307693 0.025240384605384606 0.03025
0 0.8798076923076923 0.3942307692307692 0.020634605384605384 0.027644230769230768