0 0.2956730769230769 0.5060096153846154 0.03365384615384615 0.04326923076923077
0 0.21514423076923078 0.3557692307692308 0.02403846153846154 0.03125
0 0.38341346153846156 0.33052884615384615 0.03365384615384615 0.038461538461538464
0 0.13221153846153846 0.18389423076923078 0.028846153846153848 0.046875
0 0.13822115384615385 0.24759615384615385 0.028846153846153848 0.027644230769230768
0 0.43028846153846156 0.28365384615384615 0.021634615384615384 0.028846153846153848
0 0.10576923076923077 0.042067307692307696 0.02403846153846154 0.040865384615384616
0 0.1814903846153846 0.018028846153846152 0.038461538461538464 0.03485576923076923
0 0.21514423076923078 0.27884615384615385 0.02403846153846154 0.040865384615384616
0 0.31971153846153844 0.18990384615384615 0.025240384615384616 0.03365384615384615
0 0.4338942307692308 0.16346153846153846 0.027644230769230768 0.03485576923076923
0 0.25 0.25961538461538464 0.019230769230769232 0.02403846153846154
0 0.16706730769230768 0.13221153846153846 0.025240384615384616 0.03125
0 0.3786057692307692 0.24759615384615385 0.02403846153846154 0.027644230769230768
0 0.4639423076923077 0.22596153846153846 0.021634615384615384 0.04447115384615385
0 0.41466346153846156 0.23076923076923078 0.021634615384615384 0.03125
0 0.25841346153846156 0.21995192307692307 0.018028846153846152 0.028846153846153848
0 0.27403846153846156 0.03245192307692308 0.02403846153846154 0.028846153846153848
0 0.23317307692307693 0.12740384615384615 0.025240384615384616 0.03125
0 0.35336538461538464 0.1346153846153846 0.027644230769230768 0.027644230769230768
0 0.40384615384615385 0.17427884615384615 0.019230769230769232 0.027644230769230768
0 0.3701923076923077 0.20192307692307693 0.021634615384615384 0.03365384615384615
0 0.24519230769230768 0.06610576923076923 0.013221153846153846 0.027644230769230768
0 0.24639423076923078 0.09134615384615384 0.02403846153846154 0.025240384615384616
0 0.390625 0.018028846153846152 0.019230769230769232 0.03125
0 0.5841346153846154 0.04807692307692308 0.02403846153846154 0.037259615384615384
0 0.31850961538461536 0.09134615384615384 0.019230769230769232 0.03365384615384615
0 0.2608173076923077 0.14182692307692307 0.018028846153846152 0.03365384615384615
0 0.27524038461538464 0.109375 0.015625 0.027644230769230768
0 0.3329326923076923 0.019230769230769232 0.013221153846153846 0.027644230769230768
0 0.30528846153846156 0.03365384615384615 0.02403846153846154 0.03125
0 0.37259615384615385 0.051682692307692304 0.021634615384615384 0.028846153846153848
0 0.4795673076923077 0.13822115384615385 0.03365384615384615 0.03125
0 0.36177884615384615 0.09495192307692307 0.025240384615384616 0.028846153846153848
0 0.40384615384615385 0.052884615384615384 0.021634615384615384 0.027644230769230768
0 0.453125 0.03485576923076923 0.019230769230769232 0.027644230769230768
0 0.43028846153846156 0.06490384615384616 0.015625 0.028846153846153848
0 0.44471153846153844 0.07932692307692307 0.018028846153846152 0.025240384615384616
0 0.47836538461538464 0.10096153846153846 0.019230769230769232 0.02403846153846154
0 0.5288461538461539 0.014423076923076924 0.018028846153846152 0.025240384615384616
0 0.4651442307692308 0.06610576923076923 0.019230769230769232 0.027644230769230768
0 0.484375 0.046875 0.015625 0.027644230769230768
0 0.5072115384615384 0.036057692307692304 0.018028846153846152 0.03365384615384615
0 0.5132211538461539 0.08052884615384616 0.021634615384615384 0.025240384615384616
0 0.5564903846153846 0.06971153846153846 0.015625 0.037259615384615384
0 0.5348557692307693 0.06850961538461539 0.015625 0.038461538461538464
0 0.5757211538461539 0.009615384615384616 0.018028846153846152 0.019230769230769232
0 0.5492788461538461 0.007211538461538462 0.02403846153846154 0.013221153846153846