0 0.6298076923076923 0.028846153846153848 0.052884615384615384 0.03125
0 0.5072115384615384 0.0985576923076923 0.04927884615384615 0.028846153846153848
0 0.3942307692307692 0.203125 0.038461538461538464 0.038461538461538464
0 0.3245192307692308 0.24879807692307693 0.046875 0.037259615384615384
0 0.40625 0.37740384615384615 0.046875 0.038461538461538464
0 0.4543269230769231 0.5805288461538461 0.04447115384615385 0.03485576923076923
0 0.5288461538461539 0.33774038461538464 0.04326923076923077 0.03485576923076923
0 0.4987980769230769 0.18509615384615385 0.04447115384615385 0.037259615384615384
0 0.7379807692307693 0.09134615384615384 0.04326923076923077 0.037259615384615384
0 0.5805288461538461 0.5432692307692307 0.04326923076923077 0.05048076923076923
0 0.7608173076923077 0.6754807692307693 0.06009615384615385 0.046875
0 0.6201923076923077 0.20192307692307693 0.04927884615384615 0.06009615384615385
0 0.6778846153846154 0.5060096153846154 0.05048076923076923 0.04326923076923077
0 0.5588942307692307 0.25841346153846156 0.046875 0.04927884615384615
0 0.9230769230769231 0.22115384615384615 0.03365384615384615 0.04326923076923077
0 0.6526442307692307 0.33052884615384615 0.05048076923076923 0.040865384615384616
0 0.8822115384615384 0.4266826923076923 0.04447115384615385 0.040865384615384616
0 0.7403846153846154 0.40024038461538464 0.03485576923076923 0.04326923076923077
0 0.7932692307692307 0.5492788461538461 0.05048076923076923 0.040865384615384616
0 0.84375 0.5805288461538461 0.03485576923076923 0.05048076923076923
0 0.8954326923076923 0.5576923076923077 0.037259615384615384 0.040865384615384616
0 0.9326923076923077 0.515625 0.040865384615384616 0.038461538461538464
0 0.8233173076923077 0.4326923076923077 0.040865384615384616 0.040865384615384616
0 0.8100961538461539 0.3701923076923077 0.03365384615384615 0.040865384615384616
0 0.7223557692307693 0.25721153846153844 0.03125 0.037259615384615384
0 0.8161057692307693 0.23677884615384615 0.03125 0.027644230769230768
0 0.8425480769230769 0.29447115384615385 0.03365384615384615 0.03365384615384615
0 0.9026442307692307 0.33052884615384615 0.027644230769230768 0.03365384615384615
0 0.8870192307692307 0.25 0.027644230769230768 0.03125