0 0.5008073076923077 0.0985576923076923 0.028846053846053848 0.020634605384605384
0 0.6286057692307693 0.025240384605384606 0.005625 0.005625
0 0.7403846053846054 0.09254807692307693 0.005625 0.008028846053846052
0 0.9242788460538460 0.20875 0.020634605384605384 0.03025
0 0.8908269230769230 0.24639423076923078 0.008028846053846052 0.02403846053846054
0 0.8073076923076923 0.23677884605384605 0.020634605384605384 0.020634605384605384
0 0.8403460538460539 0.2932692307692308 0.03485576923076923 0.027644230769230768
0 0.8990384605384606 0.33052884605384605 0.03025 0.003220053846053846
0 0.8064903846053846 0.36899038460538464 0.027644230769230768 0.027644230769230768
0 0.8822005384605384 0.420875 0.025240384605384606 0.03485576923076923
0 0.9304903846053846 0.505625 0.027644230769230768 0.027644230769230768
0 0.8954326923076923 0.5540865384605384 0.025240384605384606 0.020634605384605384
0 0.8400442307692307 0.5793269230769230 0.03025 0.008028846053846052
0 0.7944700538460539 0.5492788460538460 0.03025 0.020634605384605384
0 0.8245092307692307 0.42908653846053844 0.027644230769230768 0.020634605384605384
0 0.7632200538460539 0.6742788460538460 0.040865384605384606 0.03025
0 0.6802884605384606 0.5048076923076923 0.037259605384605384 0.03365384605384605
0 0.7405865384605384 0.39783653846053844 0.020634605384605384 0.020634605384605384
0 0.7099509230769230 0.25720053846053844 0.020634605384605384 0.025240384605384606
0 0.6203942307692307 0.20072005384605385 0.038460538460538464 0.03025
0 0.6538460538460539 0.3307307692307692 0.028846053846053848 0.027644230769230768
0 0.5564903846053846 0.25960538460538464 0.027644230769230768 0.03025
0 0.5002009230769230 0.08509605384605385 0.020634605384605384 0.028846053846053848
0 0.39302884605384605 0.20432692307692307 0.020634605384605384 0.020634605384605384
0 0.32572005384605385 0.24639423076923078 0.02403846053846054 0.02403846053846054
0 0.4074509230769230 0.3798076923076923 0.025240384605384606 0.025240384605384606
0 0.5300480769230769 0.33774038460538464 0.025240384605384606 0.027644230769230768
0 0.5757200538460539 0.5432692307692307 0.03025 0.027644230769230768
0 0.453025 0.5805288460538460 0.03485576923076923 0.03025
0 0.9927884605384606 0.5697005384605384 0.009605384605384606 0.009230769230769232