0 0.5757200538460539 0.00697005384605384 0.0625 0.08052884605384606
0 0.8882200538460539 0.45552884605384605 0.07090346053846054 0.08052884605384606
0 0.7728365384605384 0.6020634605384606 0.08052884605384606 0.07090346053846054
0 0.5008073076923077 0.5024038460538460 0.09375 0.00077884605384606
0 0.25 0.38822005384605385 0.08052884605384606 0.07090346053846054
0 0.23677884605384605 0.6478365384605384 0.07090346053846054 0.0625
0 0.42908653846053844 0.7007200538460539 0.054086538460538464 0.0625
0 0.7572005384605384 0.7367788460538460 0.04927884605384605 0.07090346053846054
0 0.9034605384605384 0.8834034605384606 0.039663460538460536 0.0625
0 0.6742788460538460 0.828025 0.054086538460538464 0.04927884605384605
0 0.3485576923076923 0.9555288460538460 0.07090346053846054 0.08052884605384606