0 0.2536057692307692 0.04807692307692308 0.04326923076923077 0.040865384615384616
0 0.109375 0.16947115384615385 0.04326923076923077 0.037259615384615384
0 0.22235576923076922 0.21875 0.05048076923076923 0.05889423076923077
0 0.109375 0.28846153846153844 0.04326923076923077 0.04326923076923077
0 0.09735576923076923 0.4795673076923077 0.038461538461538464 0.037259615384615384
0 0.1814903846153846 0.5528846153846154 0.05048076923076923 0.04326923076923077
0 0.04927884615384615 0.8040865384615384 0.04326923076923077 0.03365384615384615
0 0.140625 0.8221153846153846 0.038461538461538464 0.027644230769230768
0 0.25240384615384615 0.8990384615384616 0.040865384615384616 0.037259615384615384
0 0.33413461538461536 0.8004807692307693 0.038461538461538464 0.038461538461538464
0 0.41466346153846156 0.6298076923076923 0.056490384615384616 0.03365384615384615
0 0.2512019230769231 0.7199519230769231 0.06490384615384616 0.040865384615384616
0 0.15865384615384615 0.4206730769230769 0.052884615384615384 0.04927884615384615
0 0.265625 0.5024038461538461 0.055288461538461536 0.06850961538461539
0 0.35096153846153844 0.4639423076923077 0.04447115384615385 0.052884615384615384
0 0.19230769230769232 0.3088942307692308 0.040865384615384616 0.038461538461538464
0 0.29447115384615385 0.36778846153846156 0.037259615384615384 0.038461538461538464
0 0.40384615384615385 0.38341346153846156 0.04447115384615385 0.040865384615384616
0 0.33533653846153844 0.32211538461538464 0.04447115384615385 0.05048076923076923
0 0.3401442307692308 0.26322115384615385 0.04326923076923077 0.040865384615384616
0 0.390625 0.19591346153846154 0.038461538461538464 0.037259615384615384