0 0.06490384615384616 0.8497596153846154 0.04447115384615385 0.038461538461538464
0 0.07692307692307693 0.6887019230769231 0.056490384615384616 0.03365384615384615
0 0.30288461538461536 0.6850961538461539 0.046875 0.04326923076923077
0 0.5276442307692307 0.6826923076923077 0.078125 0.037259615384615384
0 0.3918269230769231 0.4879807692307692 0.06850961538461539 0.055288461538461536
0 0.5697115384615384 0.5829326923076923 0.06490384615384616 0.04447115384615385
0 0.6754807692307693 0.6105769230769231 0.05048076923076923 0.037259615384615384
0 0.35336538461538464 0.21754807692307693 0.055288461538461536 0.04927884615384615
0 0.49278846153846156 0.31850961538461536 0.06490384615384616 0.04326923076923077
0 0.6370192307692307 0.3233173076923077 0.038461538461538464 0.040865384615384616
0 0.7716346153846154 0.27403846153846156 0.055288461538461536 0.05048076923076923
0 0.6526442307692307 0.0625 0.0625 0.05048076923076923
0 0.8882211538461539 0.33533653846153844 0.04927884615384615 0.037259615384615384
0 0.9110576923076923 0.4879807692307692 0.052884615384615384 0.046875
0 0.8605769230769231 0.17307692307692307 0.04447115384615385 0.04447115384615385