0 0.19110576923076922 0.8918269230769231 0.0625 0.06009615384615385
0 0.3401442307692308 0.8389423076923077 0.06610576923076923 0.04927884615384615
0 0.5072115384615384 0.9038461538461539 0.078125 0.055288461538461536
0 0.27524038461538464 0.3798076923076923 0.06971153846153846 0.06009615384615385
0 0.7884615384615384 0.5600961538461539 0.06490384615384616 0.04447115384615385
0 0.040865384615384616 0.06370192307692307 0.046875 0.040865384615384616
0 0.3641826923076923 0.08052884615384616 0.040865384615384616 0.05048076923076923
0 0.6911057692307693 0.19230769230769232 0.038461538461538464 0.037259615384615384
0 0.7463942307692307 0.27403846153846156 0.05889423076923077 0.04447115384615385
0 0.8882211538461539 0.34134615384615385 0.055288461538461536 0.052884615384615384
0 0.4831730769230769 0.025240384615384616 0.06009615384615385 0.04326923076923077
0 0.5612980769230769 0.014423076923076924 0.052884615384615384 0.028846153846153848
0 0.765625 0.013221153846153846 0.05048076923076923 0.026442307692307692
0 0.78125 0.16466346153846154 0.03485576923076923 0.03365384615384615
0 0.8305288461538461 0.22956730769230768 0.040865384615384616 0.052884615384615384
0 0.6502403846153846 0.09735576923076923 0.04326923076923077 0.03485576923076923
0 0.6057692307692307 0.055288461538461536 0.046875 0.028846153846153848