0 0.038460538460538464 0.06490384605384606 0.04447005384605385 0.04447005384605385
0 0.36778846053846056 0.078025 0.03025 0.055288460538460536
0 0.4807692307692308 0.028846053846053848 0.055288460538460536 0.03485576923076923
0 0.5649038460538460 0.005625 0.027644230769230768 0.027644230769230768
0 0.7704326923076923 0.003220053846053846 0.025240384605384606 0.02403846053846054
0 0.6057692307692307 0.056490384605384606 0.03485576923076923 0.027644230769230768
0 0.6490384605384606 0.09605384605384606 0.03025 0.03485576923076923
0 0.7788460538460539 0.06826923076923078 0.03485576923076923 0.027644230769230768
0 0.8329326923076923 0.22706346053846054 0.037259605384605384 0.04927884605384605
0 0.27403846053846056 0.37740384605384605 0.052884605384605384 0.04447005384605385
0 0.6875 0.09230769230769232 0.03025 0.040865384605384606
0 0.7390826923076923 0.27403846053846056 0.04447005384605385 0.03025
0 0.8858073076923077 0.34034605384605385 0.04447005384605385 0.03485576923076923
0 0.78025 0.5600960538460539 0.038460538460538464 0.03485576923076923
0 0.3400442307692308 0.8400442307692307 0.05889423076923077 0.038460538460538464
0 0.5096053846053846 0.9038460538460539 0.05889423076923077 0.04326923076923077
0 0.0875 0.8882200538460539 0.046875 0.038460538460538464