0 0.8060057692307693 0.00096053846053846 0.03025 0.04447005384605385
0 0.7776442307692307 0.265625 0.02403846053846054 0.03485576923076923
0 0.7944700538460539 0.38340346053846056 0.02403846053846054 0.04927884605384605
0 0.9038460538460539 0.6009605384605384 0.027644230769230768 0.07200538460538460
0 0.47005384605384605 0.4423076923076923 0.027644230769230768 0.04927884605384605
0 0.3703942307692308 0.055288460538460536 0.02403846053846054 0.028846053846053848
0 0.5877403846053846 0.6274038460538460 0.027644230769230768 0.052884605384605384
0 0.578025 0.7055288460538460 0.027644230769230768 0.04927884605384605
0 0.5985576923076923 0.7668269230769230 0.020634605384605384 0.04447005384605385
0 0.46053846053846056 0.7548076923076923 0.03025 0.040865384605384606
0 0.30649038460538464 0.8822005384605384 0.03485576923076923 0.052884605384605384