0 0.3400442307692308 0.04927884605384605 0.038460538460538464 0.020634605384605384
0 0.3233073076923077 0.24509230769230768 0.028846053846053848 0.03365384605384605
0 0.4567307692307692 0.39663460538460536 0.027644230769230768 0.02403846053846054
0 0.5840346053846054 0.7932692307692307 0.03485576923076923 0.027644230769230768
0 0.7027403846053846 0.78025 0.05048076923076923 0.02403846053846054
0 0.29086538460538464 0.40865384605384605 0.03025 0.009230769230769232
0 0.09000576923076922 0.24639423076923078 0.03025 0.02403846053846054
0 0.06947005384605385 0.08028846053846054 0.009230769230769232 0.005625
0 0.03485576923076923 0.00778846053846054 0.005625 0.009230769230769232
0 0.05745092307692307 0.390625 0.03365384605384605 0.009230769230769232
0 0.08389423076923078 0.02379807692307693 0.02403846053846054 0.008028846053846052