0 0.375 0.39302884605384605 0.03025 0.040865384605384606
0 0.08870092307692307 0.5032200538460539 0.003220053846053846 0.02403846053846054
0 0.040865384605384606 0.43509605384605385 0.009230769230769232 0.020634605384605384
0 0.05745092307692307 0.3786057692307692 0.003220053846053846 0.005625
0 0.06947005384605385 0.30490384605384605 0.00200923076923077 0.009230769230769232
0 0.20033653846053846 0.3004807692307692 0.003220053846053846 0.009230769230769232
0 0.28966346053846056 0.2608073076923077 0.003220053846053846 0.008028846053846052
0 0.3858073076923077 0.05865384605384605 0.008028846053846052 0.009230769230769232
0 0.3002980769230769 0.03822005384605385 0.003220053846053846 0.005625
0 0.38822005384605385 0.009605384605384606 0.00200923076923077 0.009230769230769232
0 0.484375 0.08269230769230768 0.005625 0.020634605384605384
0 0.6646634605384606 0.22956730769230768 0.020634605384605384 0.025240384605384606