0 0.3894230769230769 0.009615384615384616 0.028846153846153848 0.019230769230769232
0 0.3737980769230769 0.4026442307692308 0.052884615384615384 0.055288461538461536
0 0.18509615384615385 0.5132211538461539 0.03365384615384615 0.037259615384615384
0 0.039663461538461536 0.4362980769230769 0.028846153846153848 0.037259615384615384
0 0.15745192307692307 0.37740384615384615 0.021634615384615384 0.03485576923076923
0 0.17307692307692307 0.3161057692307692 0.028846153846153848 0.027644230769230768
0 0.21153846153846154 0.3016826923076923 0.027644230769230768 0.03365384615384615
0 0.31009615384615385 0.13822115384615385 0.027644230769230768 0.03365384615384615
0 0.6694711538461539 0.22596153846153846 0.037259615384615384 0.03365384615384615
0 0.4891826923076923 0.1814903846153846 0.03365384615384615 0.03125
0 0.38221153846153844 0.15745192307692307 0.03125 0.03365384615384615
0 0.28966346153846156 0.2620192307692308 0.028846153846153848 0.027644230769230768