0 0.44247666346153847 0.42651515865384615 0.4845086634615384 0.4154040649038461 0.47996468990384616 0.39318183413461544 0.4220286754807692 0.40732322596153847 0.4203247019230769 0.4103535600961538 0.4271406826923077 0.43156566586538464 0.44247666346153847 0.42651515865384615
0 0.48848468990384614 0.42550507451923075 0.47826067307692305 0.41944444471153847 0.45894866826923075 0.42146465625 0.43679666346153845 0.42550507451923075 0.43065517548076926 0.4257575769230769 0.43111666586538466 0.4477272668269231 0.48507665625 0.44065659134615387 0.48905268028846155 0.43156566586538464 0.48848468990384614 0.42550507451923075
0 0.4759886658653846 0.44166667548076927 0.46122067548076917 0.4386363798076923 0.43395666346153844 0.44469697115384615 0.42284267548076926 0.44974747596153847 0.4254366658653846 0.4679292860576923 0.4771246923076923 0.4618686947115384 0.47996468990384616 0.4477272668269231 0.4759886658653846 0.44166667548076927
0 0.07718726201923078 0.71388890625 0.08570725961538463 0.7209596201923076 0.09990725721153847 0.6744949495192307 0.1203552451923077 0.5674242572115384 0.13171524278846153 0.5088384278846154 0.11105290384615385 0.4952020216346154 0.07775525240384615 0.6482323413461538 0.07150726201923077 0.682575752403846 0.07321123557692308 0.6997474759615384 0.07718726201923078 0.71388890625
0 0.12615355769230768 0.6989583341346154 0.1255336658653846 0.7329861225961539 0.1298291875 0.7343750168269231 0.1317816875 0.7010416634615384 0.12615355769230768 0.6989583341346154
0 0.15154418269230768 0.7137152788461538 0.14818267307692307 0.7447916826923078 0.15208767307692309 0.7461805504807693 0.1567736610576923 0.7204861274038462 0.15154418269230768 0.7137152788461538
0 0.1829371730769231 0.7385416730769231 0.17839965144230768 0.7345486105769231 0.17083168028846155 0.7656250168269231 0.17512717548076925 0.7746527884615385 0.17903217307692307 0.7621527932692308 0.1829371730769231 0.7385416730769231
0 0.20964965144230768 0.7692708341346154 0.20675766346153848 0.7927083341346154 0.20988167548076925 0.8093750120192307 0.21378667307692306 0.7864583509615385 0.20964965144230768 0.7692708341346154
0 0.22429808894230768 0.7753472211538461 0.2184726610576923 0.7961805552884615 0.2204251610576923 0.8086805504807693 0.22511114903846152 0.7934027932692308 0.22429808894230768 0.7753472211538461
0 0.2590846610576923 0.8003472379807692 0.2545715264423077 0.7953125000000001 0.24932216346153846 0.8218750576923076 0.25166515625 0.8267361225961539 0.25830364182692306 0.8107639062499999 0.2590846610576923 0.8003472379807692
0 0.22315864903846153 0.47951389423076923 0.22283324519230768 0.4680555552884615 0.21573917307692309 0.4815972211538462 0.21534864903846154 0.4989583341346154 0.21886315625 0.5031250072115385 0.22315864903846153 0.47951389423076923
0 0.2758761394230769 0.8357639206730769 0.2721496514423077 0.8291666658653847 0.26728515384615387 0.8468750216346154 0.2665041658653846 0.8586805552884615 0.2743141634615385 0.8503472451923078 0.2758761394230769 0.8357639206730769
0 0.2960754326923077 0.8404513894230768 0.2899341610576923 0.8559027692307691 0.29188666105769234 0.8690972211538461 0.29696314182692307 0.8496528100961539 0.2960754326923077 0.8404513894230768
0 0.3430421466346154 0.8885416899038462 0.34002074519230774 0.8795138894230768 0.33210813701923075 0.8968750000000001 0.3340606370192308 0.9107638894230768 0.34069912259615387 0.8975694350961538 0.3430421466346154 0.8885416899038462
0 0.2388833125 0.8012152692307691 0.23552855769230768 0.8005208341346154 0.23458781971153847 0.8262153100961539 0.2369308125 0.8282986105769231 0.2388833125 0.8012152692307691