0 0.42427884615384615 0.5336538461538461 0.04326923076923077 0.02283653846153846
0 0.4723557692307692 0.5348557692307693 0.038461538461538464 0.019230769230769232
0 0.5036057692307693 0.49278846153846156 0.015625 0.1045673076923077
0 0.42788461538461536 0.6081730769230769 0.04927884615384615 0.027644230769230768
0 0.48197115384615385 0.609375 0.04567307692307692 0.03125
0 0.3894230769230769 0.5721153846153846 0.014423076923076924 0.09134615384615384
0 0.4853074399038461 0.4327777908653846 0.4861404927884615 0.41574075721153847 0.4853074399038461 0.39574075240384615 0.48364130048076925 0.38314815384615386 0.4798762956730769 0.37425925961538464 0.4757271634615385 0.3905555625 0.47656021634615386 0.41574075721153847 0.4773933004807692 0.4342592764423077 0.4853074399038461 0.4327777908653846
0 0.5048076923076923 0.7487980769230769 0.02283653846153846 0.17668269230769232
0 0.015519317307692309 0.8611110961538462 0.027494624999999998 0.8787037043269231 0.031139314903846155 0.853703733173077 0.03322194951923077 0.7925926370192309 0.029056639423076923 0.7175926153846154 0.012915983173076923 0.5740740961538461 0.003491204326923077 0.5384259254807693 0.0009406370192307692 0.7648148581730769 0.0009406370192307692 0.7925926370192309 0.015519317307692309 0.8611110961538462
0 0.09101597115384616 0.6916666610576924 0.10663596634615385 0.6842592596153847 0.10247061778846155 0.6018518725961539 0.09570193749999999 0.5490740889423077 0.08893329567307692 0.5277778004807693 0.08226724519230769 0.51759259375 0.08060263942307692 0.5629629783653847 0.08320597115384615 0.6046296442307693 0.09049527163461539 0.6768519302884616 0.09101597115384616 0.6916666610576924
0 0.06662478365384615 0.4641813100961538 0.07912079086538461 0.47470760096153847 0.08405342307692307 0.4618421105769231 0.05675952163461539 0.4308479519230769 0.04866878605769231 0.4307017548076923 0.047880798076923074 0.4407894975961538 0.05182689182692308 0.4472222283653846 0.06662478365384615 0.4641813100961538