0 0.47716346153846156 0.5300480769230769 0.5132211538461539 0.11899038461538461
0 0.3858173076923077 0.8485576923076923 0.36538461538461536 0.09375
0 0.06162893028846154 0.8587962884615384 0.07204226201923078 0.8600308822115384 0.07586050480769231 0.85509259375 0.07759606009615384 0.8137345649038461 0.07759606009615384 0.7847222379807692 0.07308360576923077 0.7748456802884616 0.06829968990384615 0.7810185192307693 0.06510004086538462 0.8001543365384615 0.06162893028846154 0.83348765625 0.06162893028846154 0.8587962884615384
0 0.08176138221153846 0.8668209975961538 0.0873151514423077 0.8662037235576924 0.09113336778846154 0.8625000288461538 0.09391026682692308 0.8520061730769231 0.09668716826923077 0.8223765961538461 0.09668716826923077 0.80077165625 0.09460448076923077 0.7797839447115386 0.08835649519230769 0.7705246875 0.08088649519230769 0.7825617283653846 0.07759606009615384 0.7983024663461538 0.07551337259615384 0.8538580432692308 0.08176138221153846 0.8668209975961538
0 0.07308360576923077 0.6415123437500001 0.07412494951923077 0.6513888894230769 0.08072003846153845 0.6507716153846155 0.08523249038461539 0.6310185240384616 0.0873151514423077 0.6063271658653846 0.08662094230769231 0.592129639423077 0.08479274519230769 0.5819444447115385 0.07829026923076923 0.6020061730769231 0.07551337259615384 0.6174382716346154 0.07308360576923077 0.6316358100961538 0.07308360576923077 0.6415123437500001
0 0.0855795985576923 0.6489197692307692 0.08974494711538461 0.656944454326923 0.09495161057692308 0.6507716153846155 0.09668716826923077 0.6199074062500001 0.09391026682692308 0.5976851923076923 0.09130316346153845 0.58348765625 0.0873151514423077 0.5983024783653846 0.0855795985576923 0.6155864254807693 0.08453828124999999 0.6310185240384616 0.0855795985576923 0.6489197692307692
0 0.5071297451923077 0.18407407211538462 0.5194174807692308 0.18074074759615386 0.5167100072115385 0.16518518990384615 0.49410481490384617 0.16999999999999998 0.49317588701923076 0.1829629639423077 0.49671641346153844 0.18925926201923077 0.5071297451923077 0.18407407211538462
0 0.45173082451923074 0.24814815625000003 0.4508977548076923 0.2433333317307692 0.44722981490384617 0.23666666586538462 0.44527456249999997 0.24629630528846155 0.4488150889423077 0.2600000120192308 0.45173082451923074 0.2577777932692308 0.45173082451923074 0.24814815625000003
0 0.5421185288461539 0.16777778365384616 0.5469071802884615 0.1676932403846154 0.546700420673077 0.16037037740384616 0.5379531971153846 0.16037037740384616 0.5337320552884616 0.1614130408653846 0.5308797115384615 0.16358697596153846 0.532373795673077 0.1662439591346154 0.5350903173076923 0.16745168990384615 0.5421185288461539 0.16777778365384616
0 0.5868400552884615 0.18701691346153845 0.5899640384615384 0.18025362980769233 0.5899640384615384 0.1672101658653846 0.5892849086538462 0.15199275721153846 0.588062483173077 0.15054347596153847 0.5826023245192308 0.15012077403846155 0.5829010865384615 0.16672705288461537 0.5829010865384615 0.1749396177884615 0.5842593485576922 0.18025362980769233 0.5868400552884615 0.18701691346153845
0 0.6108774855769231 0.1614130408653846 0.6259541754807691 0.15754831009615386 0.6309797355769231 0.15440821634615384 0.6319305264423077 0.14812801923076924 0.6296214759615384 0.13919082692307694 0.6273124375 0.1401570048076923 0.6101983557692308 0.14426328846153846 0.6068890096153846 0.14740338221153845 0.6051727836538462 0.15320048798076924 0.6061235745192307 0.1582729471153846 0.6108774855769231 0.1614130408653846
0 0.7026184423076922 0.13218599278846155 0.7064215769230769 0.13170289903846155 0.7084589663461538 0.13025362740384616 0.7090022740384616 0.12542270913461537 0.7075081875 0.12252415625 0.705470798076923 0.12204106249999999 0.6970495769230769 0.1217995216346154 0.6948645528846153 0.12566425240384616 0.6951480096153847 0.12977053365384614 0.6975928822115385 0.13242753365384616 0.7026184423076922 0.13218599278846155