0 0.53125 0.484375 0.04567307692307692 0.020432692307692308
0 0.3973383221153846 0.36732026201923074 0.4024837379807692 0.36111112019230773 0.40762913942307694 0.3526143798076923 0.4149797283653846 0.33856209375 0.4184712596153846 0.32549019951923075 0.4157147884615385 0.32026144471153845 0.4127745576923077 0.3179738605769231 0.4087317403846154 0.32516340625 0.39917596874999994 0.34411765384615384 0.39323586538461536 0.3579248365384615 0.39237668028846157 0.3640522884615385 0.3942143269230769 0.36699346875 0.3973383221153846 0.36732026201923074
0 0.81791346875 0.821203735576923 0.8254110649038461 0.8171296394230769 0.8208291899038461 0.8023148245192308 0.811873735576923 0.8067592572115385 0.8055631466346154 0.8139814807692307 0.8052091923076923 0.8200925985576923 0.8075001394230769 0.8223148149038462 0.81791346875 0.821203735576923
0 0.9540006466346154 0.11398148076923077 0.9506694807692307 0.12583333653846154 0.9550430769230769 0.12768518990384614 0.9575422860576922 0.11620371153846154 0.9540006466346154 0.11398148076923077
0 0.7197838557692309 0.12546297115384616 0.7241574663461539 0.10916666826923077 0.7216582572115384 0.10472222115384616 0.7175423149038462 0.10194444471153846 0.7118697331730769 0.12027778125 0.7110366634615384 0.13027778365384615 0.7137441346153846 0.1347222307692308 0.7197838557692309 0.12546297115384616
0 0.7121314831730768 0.017222221153846154 0.7162968149038461 0.012037045673076924 0.7169216057692308 0.006111110576923077 0.7135893437499999 0.003518516826923077 0.7055631466346154 0.009351853365384615 0.70421734375 0.01611111298076923 0.7079661490384616 0.01907407451923077 0.7121314831730768 0.017222221153846154
0 0.5387421346153846 0.19314814903846156 0.5476975889423077 0.18574074278846153 0.5483223942307692 0.17870371153846154 0.5445735889423077 0.17092592548076924 0.5370759951923076 0.1768518605769231 0.52582959375 0.18759259374999998 0.5230110649038461 0.19361111057692307 0.5241634687500001 0.20092593509615383 0.5312445216346154 0.19870370432692308 0.5387421346153846 0.19314814903846156
0 0.4397908028846154 0.11796296634615386 0.44353959375 0.1079629639423077 0.44374785817307694 0.10018519230769231 0.4412486634615385 0.09870370432692308 0.4381246658653846 0.10351851682692306 0.4326464807692308 0.11490740865384616 0.4325014711538462 0.12240741346153847 0.4358337355769231 0.12166666826923077 0.4397908028846154 0.11796296634615386
0 0.3738956995192308 0.039259262019230766 0.37222959134615385 0.03555555769230769 0.3693652307692308 0.03435185336538461 0.3672311730769231 0.04370370913461538 0.36764771634615384 0.05259259134615384 0.37222959134615385 0.048148156250000004 0.3738956995192308 0.039259262019230766
0 0.3409895817307692 0.08111111057692308 0.3441135817307692 0.06962963701923076 0.34348877403846156 0.06407408173076923 0.33941731490384613 0.06074074278846154 0.3345333197115385 0.07592593509615385 0.33370025 0.0855555576923077 0.3364077211538462 0.08888889663461538 0.3409895817307692 0.08111111057692308
0 0.012796134615384615 0.7612244879807691 0.010261877403846154 0.7662131538461538 0.015346338942307691 0.7736961442307693 0.017514016826923075 0.7696145120192307 0.016366423076923077 0.7655328990384616 0.012796134615384615 0.7612244879807691