0 0.5789043918269231 0.45576388701923076 0.5828093918269232 0.45270833653846154 0.5821846033653846 0.4440972283653846 0.5745308004807692 0.44381944471153845 0.5685951971153846 0.4457638918269231 0.5653051730769231 0.44833333413461535 0.566096 0.45298611057692306 0.5701571971153846 0.45576388701923076 0.5789043918269231 0.45576388701923076
0 0.6332783317307692 0.4222709591346154 0.6349225432692307 0.41954191346153846 0.6347033173076924 0.4164230072115384 0.632839875 0.41583820673076927 0.6299899110576923 0.41583820673076927 0.6268314807692307 0.41744639423076924 0.6271399495192308 0.4222709591346154 0.6290033846153846 0.4242202788461539 0.6332783317307692 0.4222709591346154
0 0.6600241538461538 0.4316276826923077 0.6632029543269231 0.42850877163461537 0.6658336995192309 0.4244152067307692 0.6634221947115384 0.4185672524038461 0.6582703245192308 0.4238304134615385 0.6558885000000001 0.4276803125 0.6554203677884616 0.43026317548076926 0.6569549591346154 0.4322124927884615 0.6600241538461538 0.4316276826923077
0 0.7949931706730768 0.4426303822115385 0.7969058221153846 0.4396825408653846 0.7965232980769231 0.4360544254807692 0.794228110576923 0.4360544254807692 0.7907146826923076 0.43883219951923075 0.7904028052884615 0.4444444495192308 0.7925704759615384 0.4439909326923077 0.7949931706730768 0.4426303822115385
0 0.7961426009615384 0.26366213221153845 0.7980552548076923 0.25890023076923074 0.7971626875000001 0.25481860096153847 0.795122516826923 0.2532312956730769 0.7875994230769231 0.26615646875 0.7859315192307693 0.27074830048076926 0.7875994230769231 0.2740929759615385 0.7912972115384616 0.2704648533653846 0.7961426009615384 0.26366213221153845
0 0.8069809663461539 0.20629251923076924 0.8077460264423078 0.20153062259615384 0.8068534591346155 0.19790249519230768 0.8044307644230769 0.19699547596153846 0.8029006442307692 0.20153062259615384 0.8023537139423078 0.21009070192307694 0.8041757475961538 0.21400227403846153 0.8055783581730769 0.2101473966346154 0.8069809663461539 0.20629251923076924
0 0.8210070961538461 0.19268707692307693 0.8198594927884616 0.19041950240384614 0.8185843918269231 0.19246032692307694 0.8167032043269231 0.19761904807692307 0.8164167235576923 0.20357143028846153 0.8185843918269231 0.20221088221153846 0.8210070961538461 0.19268707692307693
0 0.8284787836538462 0.1769274375 0.8283512764423077 0.1728458076923077 0.8266936394230769 0.16740362740384615 0.8241434350961538 0.1617346923076923 0.8222307836538462 0.16014739663461539 0.8208486105769232 0.16105442307692305 0.82172075 0.16944444471153847 0.8246534783653847 0.17760770913461538 0.8268211586538462 0.17964852884615384 0.8284787836538462 0.1769274375
0 0.8418673533653845 0.13883220192307694 0.843142454326923 0.13588435576923077 0.8441625408653847 0.1315759639423077 0.8436524975961538 0.12772109134615384 0.8417398461538461 0.12885487740384616 0.8393435096153846 0.1341269855769231 0.8391896418269231 0.13747166105769232 0.8400822091346154 0.13973923557692308 0.8418673533653845 0.13883220192307694
0 0.8796103749999999 0.24200681490384615 0.882160579326923 0.23611110817307693 0.8842007307692307 0.22840137019230772 0.8820330600961538 0.22477323798076923 0.8802479254807692 0.22658730528846152 0.8778252211538462 0.23157596153846155 0.8745794783653846 0.23900226923076923 0.8747649855769232 0.2440476153846154 0.877187670673077 0.24540817307692306 0.8796103749999999 0.24200681490384615
0 0.9014146057692307 0.12023809615384615 0.9010320889423077 0.11502267788461538 0.8982268509615385 0.11502267788461538 0.8956766466346154 0.11933107451923078 0.8916394278846155 0.12534013701923077 0.894274045673077 0.13270975240384614 0.8984818870192307 0.12613379807692307 0.9014146057692307 0.12023809615384615
0 0.8410160697115384 0.08996101442307693 0.8423314423076923 0.08508771875 0.8414545264423077 0.08177387740384615 0.8395910937500001 0.08294347355769231 0.8376319206730769 0.08996101442307693 0.8375084254807692 0.09269006009615384 0.8394814807692307 0.09405457692307692 0.8410160697115384 0.08996101442307693
0 0.8629388725961539 0.061695906249999995 0.8644734711538462 0.057212478365384616 0.8650215408653845 0.051169596153846156 0.8616235096153846 0.04941520673076923 0.86074659375 0.05272904807692307 0.8597600745192308 0.05818713701923077 0.8595617451923078 0.06267056490384616 0.8592120024038461 0.0640350889423077 0.8604177548076923 0.06598440625 0.8629388725961539 0.061695906249999995
0 0.9104017548076923 0.07397660576923076 0.9118267235576922 0.07124756730769231 0.9135805528846154 0.06656920192307693 0.9117171177884615 0.06306043028846155 0.9099632884615385 0.06578947836538461 0.9080814807692307 0.07119883173076923 0.9076614038461539 0.07378167788461538 0.9089767692307693 0.07534112980769231 0.9104017548076923 0.07397660576923076
0 0.8677884615384616 0.020432692307692308 0.003605769230769231 0.020432692307692308