0 0.5329259423076923 0.8474537115384616 0.5462029567307692 0.8465278173076923 0.5498476081730769 0.8395833365384615 0.54802528125 0.8344907524038461 0.5459426081730769 0.8284722187500001 0.5373516009615384 0.8284722187500001 0.5193886201923077 0.8298611225961537 0.5124877884615384 0.8374999999999999 0.516264608173077 0.8456018533653846 0.521991954326923 0.8469907379807692 0.5329259423076923 0.8474537115384616
0 0.6139746658653846 0.7569444519230769 0.6190511610576923 0.751388889423077 0.6161224134615384 0.74340278125 0.6055789110576923 0.7500000072115385 0.6009185769230769 0.7561631947115385 0.60206440625 0.761111108173077 0.6057741586538461 0.7618055552884615 0.6139746658653846 0.7569444519230769
0 0.7165082427884616 0.6729468798076923 0.7141991923076922 0.6690821322115384 0.7120259783653846 0.6666666730769231 0.7098527644230769 0.6698067668269231 0.7112110240384616 0.674154610576923 0.7144708509615385 0.6782608725961539 0.7167798894230769 0.6758454134615385 0.7165082427884616 0.6729468798076923
0 0.6778846153846154 0.6442307692307693 0.006009615384615385 0.006009615384615385
0 0.7190889278846153 0.6326086947115385 0.720854670673077 0.6323671538461538 0.7213979783653847 0.6268116009615384 0.7178665024038462 0.623913048076923 0.7152449879807693 0.6247584543269231 0.7140633677884616 0.6280193293269231 0.7150141466346154 0.6316425192307692 0.7190889278846153 0.6326086947115385
0 0.7567127548076923 0.6036231899038461 0.75752771875 0.5978260961538462 0.75752771875 0.5934782644230769 0.7558977908653847 0.5915458942307692 0.7543074879807693 0.5921497572115384 0.7533171033653846 0.5973429951923077 0.7533171033653846 0.6014492860576923 0.7544037163461539 0.6043478245192307 0.7567127548076923 0.6036231899038461
0 0.7780374423076922 0.6410628028846154 0.779259889423077 0.6384058004807692 0.7795315384615384 0.6338164254807693 0.7770866658653847 0.6326086947115385 0.7734990649038462 0.6326086947115385 0.7726043990384616 0.6369565192307692 0.7734193653846154 0.6393719783653846 0.7780374423076922 0.6410628028846154
0 0.6771110600961538 0.8664530024038462 0.6826381418269231 0.8626068725961538 0.6896070504807692 0.8574786322115385 0.692490752403846 0.8527777836538462 0.6910489110576923 0.8463675288461538 0.6790335288461539 0.8519231129807692 0.6707819975961539 0.8574786322115385 0.6703824375 0.8621794975961539 0.672785514423077 0.86431625 0.6771110600961538 0.8664530024038462
0 0.7671034663461539 0.9201951995192308 0.7672723413461539 0.9150901033653847 0.7633884447115384 0.9108858822115384 0.7568027139423077 0.9117867932692308 0.75113228125 0.9148648653846153 0.7561272524038463 0.9222972932692308 0.7640639062500001 0.9237987932692308 0.7671034663461539 0.9201951995192308
0 0.7701002115384615 0.7726726778846154 0.7679049759615384 0.7714714711538462 0.7635900528846153 0.7778528533653847 0.7660474543269231 0.7840841105769231 0.7697624879807693 0.7780781033653846 0.7701002115384615 0.7726726778846154
0 0.47403126923076927 0.9104575312500001 0.4778903389423077 0.9055555697115385 0.48193315625 0.9003268052884615 0.47954421153846155 0.8947712475961538 0.47200986057692307 0.9022876105769231 0.4688332932692308 0.9081699350961538 0.4685183293269231 0.9114379086538461 0.47035597596153844 0.9124183100961538 0.47403126923076927 0.9104575312500001
0 0.47537072115384615 0.8553140120192307 0.47781559375 0.85314009375 0.4780872427884616 0.8480676346153846 0.4764573341346154 0.8458937187500001 0.4683077692307692 0.8466183629807692 0.4654148245192308 0.8487922716346153 0.46599873076923076 0.8526570120192307 0.46803612259615385 0.8553140120192307 0.47537072115384615 0.8553140120192307
0 0.4414142043269231 0.8867149951923078 0.44426656009615384 0.8821256033653846 0.44317994951923073 0.8777777788461538 0.4396484735576923 0.8712560384615385 0.4370677764423077 0.8712560384615385 0.43652446875 0.8756038701923077 0.4373394230769231 0.878260889423077 0.4384260360576923 0.8816425192307692 0.4414142043269231 0.8867149951923078
0 0.4362980769230769 0.9098557692307693 0.004807692307692308 0.016826923076923076
0 0.4009380456730769 0.8012077307692308 0.4041978725961538 0.7958937307692308 0.4054202980769231 0.7893719807692308 0.4040620384615385 0.788405798076923 0.3999872572115385 0.7913043509615385 0.39646101923076926 0.7956521730769232 0.39577664903846155 0.8002415456730769 0.3976782163461538 0.8028985504807692 0.4009380456730769 0.8012077307692308
0 0.4245635168269231 0.7414251201923077 0.4195379471153846 0.7407004831730769 0.4148034110576923 0.7422101466346154 0.41451238701923077 0.7515700480769231 0.42469934134615384 0.7501207764423078 0.4270083798076923 0.7455314014423077 0.4245635168269231 0.7414251201923077
0 0.40609116346153845 0.7196859879807692 0.4116600408653846 0.7126811634615385 0.41410490384615384 0.709299516826923 0.41342577403846154 0.7049516923076923 0.4112525576923077 0.7049516923076923 0.4085360360576923 0.7071256105769231 0.4037640096153846 0.7123188413461539 0.4032388197115385 0.7167874447115385 0.403782125 0.7192029038461538 0.40609116346153845 0.7196859879807692
0 0.38600487259615385 0.618478264423077 0.3838316466346154 0.6121980673076923 0.3819300913461538 0.6097826057692308 0.3782884663461538 0.6120772932692308 0.3817942572115385 0.6254830913461539 0.38532574278846154 0.6286231947115385 0.3870914759615385 0.6259661826923076 0.38600487259615385 0.618478264423077
0 0.36318608894230764 0.6107487932692307 0.3640010432692308 0.6042270528846154 0.3635935721153846 0.5928743942307693 0.3597762379807692 0.5927536225961538 0.3599262620192307 0.6061594182692308 0.3606053918269231 0.6112318870192308 0.36318608894230764 0.6107487932692307
0 0.35272748557692307 0.5916666658653846 0.3546290432692307 0.5882850288461539 0.35571565625 0.5810386514423077 0.3549007019230769 0.5762077331730769 0.35381408894230765 0.5735507235576923 0.35145422596153847 0.5743357475961539 0.3509617427884616 0.5793478269230768 0.3504184375 0.5846618413461538 0.3512333918269231 0.5882850288461539 0.35272748557692307 0.5916666658653846
0 0.9585407283653846 0.9302154302884615 0.9622385240384616 0.9274943317307692 0.9622385240384616 0.9195578245192307 0.96070840625 0.9179705192307692 0.9512726514423077 0.91729025 0.9464863653846154 0.9206916105769231 0.9485949375 0.9268140769230769 0.9515276682692307 0.9290816442307693 0.9585407283653846 0.9302154302884615
0 0.8528122379807692 0.5388157908653846 0.8545386658653846 0.5377924086538461 0.855031920673077 0.534283625 0.8552785552884615 0.5301900576923078 0.8548675024038462 0.5265350865384616 0.8542098149038462 0.5247807019230769 0.8521137427884615 0.5247076033653847 0.8510858269230769 0.531652048076923 0.8505103485576923 0.5357456129807692 0.8511680288461538 0.5380847980769231 0.8528122379807692 0.5388157908653846
0 0.3466830841346154 0.5859722211538462 0.3496508846153846 0.5848611153846154 0.3494946875 0.5790277764423076 0.34840129326923075 0.5695833365384615 0.34518798557692304 0.5702083341346154 0.34465249038461543 0.5756944519230769 0.3451210841346154 0.5798611177884616 0.3466830841346154 0.5859722211538462
0 0.4362980769230769 0.5084134615384616 0.003605769230769231 0.010817307692307692
0 0.4960226802884616 0.3663888894230769 0.4957102716346154 0.36333333653846156 0.4930395480769231 0.3608333341346154 0.4914928774038462 0.3700000072115385 0.4924300769230769 0.3741666754807692 0.4950854831730769 0.3725000120192308 0.4960226802884616 0.3663888894230769
0 0.5038326778846154 0.34222222115384615 0.5025830745192308 0.33805555528846154 0.5016458774038461 0.3352777764423077 0.49948486057692304 0.3365277788461538 0.4996152716346154 0.3427777788461538 0.5007086778846154 0.3491666658653846 0.5033640745192307 0.34805556009615385 0.5038326778846154 0.34222222115384615
0 0.7490486947115385 0.2924516899038462 0.7504069543269231 0.28762077163461536 0.7461963485576923 0.2810990384615385 0.7441172692307692 0.2832729471153846 0.7442947812499999 0.2878623221153846 0.7470113028846155 0.2929347836538462 0.7490486947115385 0.2924516899038462
0 0.3769742908653846 0.6575995841346154 0.37815315865384613 0.6555031490384615 0.3783889278846154 0.6523584951923076 0.3765027427884616 0.6517295649038461 0.3718105096153846 0.6536163533653846 0.3726124855769231 0.6609538798076924 0.37402712259615384 0.6603249495192307 0.3769742908653846 0.6575995841346154
0 0.36011647836538463 0.6697589278846153 0.36141324038461536 0.6672431850961539 0.3620026730769231 0.6640985336538462 0.36082380769230765 0.6622117451923076 0.3589376105769231 0.6632599615384615 0.3569225360576923 0.6656708605769232 0.35669776923076923 0.6685010528846154 0.3578766370192307 0.6712264182692308 0.36011647836538463 0.6697589278846153
0 0.35191608413461534 0.7335429783653846 0.3513266490384615 0.7312368990384616 0.3499120120192308 0.7312368990384616 0.3479307908653846 0.7345911947115386 0.34861525 0.7375262091346154 0.35014778124999996 0.7364779903846154 0.35191608413461534 0.7335429783653846
0 0.3513266490384615 0.7259958100961538 0.3515624206730769 0.7230607980769231 0.3495583485576923 0.7232704447115386 0.34763598076923075 0.726205451923077 0.3472006129807692 0.7291404663461538 0.34967623317307694 0.7289308173076924 0.3513266490384615 0.7259958100961538