0 0.4567307692307692 0.5024038461538461 0.046875 0.03125
0 0.4635959807692308 0.6051033629807692 0.46897216105769235 0.6032945769230769 0.4753654639423077 0.6007105961538461 0.4787074230769231 0.5973514254807692 0.48059634615384617 0.5937338509615384 0.4798698341346154 0.5908914759615385 0.47623727644230773 0.5888242956730769 0.4707157956730769 0.5895994879807692 0.46209347596153844 0.592441860576923 0.46127114663461544 0.5978682235576923 0.46156174519230764 0.6017441923076923 0.4635959807692308 0.6051033629807692
0 0.4519230769230769 0.6502403846153846 0.016826923076923076 0.010817307692307692
0 0.49977625721153845 0.6394703052884616 0.5039900240384616 0.6376614975961539 0.5106739182692308 0.6343023461538462 0.5163407211538462 0.6317183677884616 0.5192467668269231 0.6265504086538461 0.5188108557692307 0.6216408245192308 0.5143064759615384 0.6216408245192308 0.5077678725961539 0.6237080168269231 0.5017010336538461 0.62571059375 0.49904974519230766 0.6312015504807692 0.4981779230769231 0.635335923076923 0.49977625721153845 0.6394703052884616
0 0.46417346875 0.7142118870192308 0.4664983028846154 0.7129198966346154 0.47143858413461537 0.7025839783653847 0.4731822067307692 0.6953488389423076 0.4731822067307692 0.6906976802884616 0.47187448317307695 0.6883720937500001 0.4699855625 0.6891472836538461 0.46707951442307694 0.6937984567307692 0.4624568485576923 0.7045219639423077 0.46170332451923074 0.7085271298076923 0.46213923557692305 0.7113695144230768 0.46417346875 0.7142118870192308
0 0.4981742091346154 0.6935400504807692 0.5032597908653846 0.6904392740384615 0.5077641490384616 0.6878552956730769 0.5096530817307692 0.6844961225961538 0.5096530817307692 0.6813953461538461 0.5084906610576924 0.6788113677884616 0.505875235576923 0.67777778125 0.50238796875 0.6785529735576923 0.4929801033653846 0.6832041346153847 0.4919262067307692 0.6875969014423077 0.49366982932692305 0.6940568509615385 0.4981742091346154 0.6935400504807692
0 0.5474278701923077 0.7148578822115385 0.54960740625 0.7120155072115384 0.5520775504807692 0.7078811346153846 0.5541117860576923 0.7034883774038462 0.5546929855769231 0.6978036225961539 0.5529493629807692 0.69754521875 0.5503339158653846 0.6988372067307692 0.5472825697115384 0.7034883774038462 0.5440338822115385 0.7080749350961538 0.5426329014423077 0.71304909375 0.5442312235576924 0.7158914759615385 0.5474278701923077 0.7148578822115385
0 0.5847705697115384 0.7016795913461539 0.5873860024038462 0.6965116322115384 0.5904373605769231 0.6887596947115384 0.5917450721153846 0.6833333317307692 0.5924715961538461 0.6781653774038462 0.5908732620192307 0.675323 0.5885484254807692 0.6779069783653846 0.5852064687499999 0.6830749375 0.5801894062499999 0.6932170552884614 0.5796849879807693 0.7001291971153846 0.5812833100961539 0.7040051658653846 0.5847705697115384 0.7016795913461539
0 0.6183354086538462 0.7471576225961538 0.6174635865384615 0.7391472908653847 0.61194209375 0.7246770024038462 0.6091813605769231 0.7215762331730768 0.6061705096153847 0.7219638245192308 0.6064206033653846 0.7301033629807693 0.6103437836538462 0.7419896634615385 0.6147028509615384 0.752583985576923 0.6183354086538462 0.7471576225961538
0 0.5612315889423077 0.7727390216346154 0.562829923076923 0.7758397908653846 0.565445358173077 0.7763565961538461 0.5673342932692308 0.7704134375 0.5684967043269231 0.7611111153846154 0.5686420144230769 0.7556847524038461 0.5680608028846155 0.7528423990384615 0.5658812692307692 0.7518087836538462 0.5639923341346154 0.7543927620192308 0.5631205240384616 0.7593023461538462 0.5610862884615385 0.7665374687500001 0.5612315889423077 0.7727390216346154
0 0.5841346153846154 0.7824519230769231 0.003605769230769231 0.014423076923076924
0 0.6248740120192308 0.6959948341346155 0.6276347475961538 0.7009043990384616 0.62995959375 0.7011627932692307 0.6333015288461539 0.6916020673076922 0.6362075745192308 0.6802325649038461 0.6360622860576922 0.6742894086538461 0.6346092620192307 0.6691214495192307 0.6308313942307693 0.6742894086538461 0.6280706586538461 0.6812661490384616 0.6256005240384616 0.6900516826923078 0.6248740120192308 0.6959948341346155
0 0.6165709783653845 0.8165374639423076 0.6165709783653845 0.8105943149038463 0.61482734375 0.8031007788461538 0.6126478100961539 0.7971576298076923 0.6094408581730769 0.7943152451923077 0.6087246514423077 0.8010335961538462 0.6116306971153846 0.8103359399038462 0.6141008317307692 0.8196382524038461 0.6165709783653845 0.8165374639423076
0 0.6871879062499999 0.7733850168269231 0.6902392403846154 0.7664082716346154 0.6874785048076923 0.7529715769230769 0.6838459495192308 0.7449612451923078 0.6799227908653845 0.7392764879807692 0.6764830096153845 0.7335917307692307 0.67730734375 0.7462532355769231 0.6794868798076923 0.7568475456730769 0.6835553485576923 0.7664082716346154 0.6871879062499999 0.7733850168269231
0 0.7045728052884616 0.7519379903846153 0.7066070408653846 0.7475452235576923 0.7052993173076924 0.7418604663461538 0.6993419254807692 0.730749358173077 0.6948375552884615 0.7232558149038462 0.692367420673077 0.7211886322115385 0.6895644062499999 0.7219638245192308 0.6922221105769231 0.7335917307692307 0.6990513245192307 0.7483204350961539 0.7021026706730769 0.7532299807692309 0.7045728052884616 0.7519379903846153
0 0.6646146730769231 0.6945736466346154 0.667811329326923 0.6919896682692308 0.6720250985576922 0.6881136995192307 0.6755123461538461 0.6832041346153847 0.6782730913461539 0.677260985576923 0.6768200673076923 0.6746770048076923 0.672751610576923 0.6744186153846154 0.6686831418269231 0.6759689951923077 0.6649052836538462 0.6788113725961539 0.6597678942307692 0.6838501298076923 0.6599650024038461 0.6891472836538461 0.6612727259615384 0.6943152451923077 0.6646146730769231 0.6945736466346154
0 0.5797247283653847 0.6160628052884616 0.58651603125 0.6129227115384616 0.5912699447115385 0.6088164302884616 0.5930356875 0.603260875 0.588553423076923 0.6015700528846154 0.5823054254807692 0.6035024182692308 0.5730914543269231 0.6075483100961538 0.5727976009615385 0.6146135240384616 0.5742916874999999 0.618478264423077 0.5797247283653847 0.6160628052884616
0 0.6356850745192308 0.59915459375 0.6412539302884616 0.5962560408653846 0.6460078413461539 0.5907004879807692 0.6494034927884615 0.5856280192307692 0.6508975889423076 0.5795893701923077 0.6491318461538461 0.5798309230769231 0.6389448918269232 0.580314014423077 0.6339193293269231 0.5817632884615385 0.6269297692307692 0.5873188413461539 0.6271280264423077 0.6015700528846154 0.6291654182692308 0.6015700528846154 0.6356850745192308 0.59915459375
0 0.5719978894230769 0.51676590625 0.58694846875 0.5207341610576923 0.5952047475961538 0.5191468221153847 0.5976593149038462 0.5155754038461539 0.5960973221153846 0.5088293677884616 0.5894030360576923 0.5032738076923077 0.5780227572115385 0.5000992067307692 0.5679024807692308 0.49811507932692306 0.5657499014423076 0.5068452427884615 0.5657499014423076 0.5131944423076923 0.5719978894230769 0.51676590625
0 0.5827746153846154 0.42548309134615386 0.5863060913461539 0.42137681009615385 0.5861702668269231 0.4175120793269231 0.5842687019230769 0.41485507692307694 0.5795147884615385 0.41002415865384617 0.5747608774038462 0.40809178605769236 0.5725876610576923 0.4073671490384615 0.5697353173076923 0.4071256081730769 0.5669773245192308 0.4067632836538462 0.5660680072115385 0.4143719855769231 0.5671546177884615 0.41896135096153847 0.5767982668269231 0.42379226923076924 0.5827746153846154 0.42548309134615386
0 0.6383440096153846 0.48176328365384613 0.642554625 0.4902173894230769 0.6470368677884615 0.4952898581730769 0.65179078125 0.49504831730769233 0.6523340985576923 0.4899758653846154 0.6504325192307692 0.4822463774038462 0.6414680120192308 0.4687198100961538 0.6375290552884615 0.46388889423076923 0.6347422692307692 0.46714975721153845 0.6337259206730769 0.47161836298076926 0.6354916634615384 0.4757246370192308 0.6383440096153846 0.48176328365384613
0 0.6761149591346154 0.43031400961538463 0.6799181033653846 0.43538647836538463 0.6838570504807693 0.4368357692307692 0.6838570504807693 0.4329710216346154 0.6818196610576923 0.4247584567307693 0.6777448774038461 0.4175120793269231 0.6742134014423077 0.4112318894230769 0.6707477043269231 0.41582125721153845 0.6712252235576923 0.41992753846153846 0.6724476586538461 0.42427536298076923 0.6761149591346154 0.43031400961538463
0 0.6534950336538461 0.3554347836538462 0.6598788557692308 0.357125625 0.6638178125 0.35422705288461537 0.6582489471153846 0.34553140625 0.6520009399038462 0.3404589350961539 0.6473828605769231 0.3373188413461538 0.6454419975961538 0.34456521875 0.6456171177884615 0.34746378846153847 0.64792615625 0.35108697596153843 0.6534950336538461 0.3554347836538462
0 0.5920814182692308 0.3348430024038462 0.5893648966346153 0.32832125961538466 0.5847468100961538 0.32107488221153846 0.5786346370192308 0.3147946850961538 0.5738807235576924 0.3131038701923077 0.5707567307692307 0.3147946850961538 0.5705439014423077 0.32010869471153847 0.5757822908653846 0.3285628028846154 0.5824377692307693 0.33460144951923076 0.5877349879807693 0.33556763701923076 0.5920814182692308 0.3348430024038462
0 0.6431982091346153 0.27596618990384614 0.6389876129807692 0.2687198125 0.6338262091346153 0.26243961298076923 0.6311096875 0.26099034134615384 0.6285290000000001 0.26099034134615384 0.6263557764423078 0.27041062740384614 0.6265900961538461 0.27089371875 0.6313813461538461 0.2788647331730769 0.6398025576923078 0.2812801923076923 0.6438773389423077 0.28152174278846154 0.6431982091346153 0.27596618990384614
0 0.5428690216346154 0.2207125576923077 0.548709545673077 0.22699276442307692 0.5553650168269231 0.23158212259615382 0.5559083221153845 0.22747585096153847 0.5556366730769231 0.22288647355769228 0.5508827620192307 0.21177536778846154 0.5455855432692307 0.20283818509615384 0.5400166754807693 0.19704106009615385 0.5357273245192308 0.20416666586538462 0.5358060697115385 0.20863527163461537 0.5386584158653845 0.21588163942307695 0.5428690216346154 0.2207125576923077
0 0.532817889423077 0.11684783653846154 0.52290259375 0.11298309134615384 0.5178944447115384 0.11117149759615384 0.5150246778846154 0.1352053173076923 0.5392017211538461 0.1424516923076923 0.5420540673076923 0.1240942139423077 0.532817889423077 0.11684783653846154
0 0.7385083725961539 0.25772947596153845 0.74679375 0.26376812259615384 0.7516834975961538 0.26449275 0.7545358317307692 0.2611111225961538 0.7550791490384616 0.2560386442307692 0.7531775721153846 0.2504831009615385 0.7510043677884616 0.24637681730769231 0.7455713245192308 0.24009661778846156 0.7378292427884615 0.23309179326923074 0.7294080096153847 0.22512077163461536 0.7235674951923077 0.2207729471153846 0.7162640096153846 0.2174516923076923 0.7135163653846154 0.2287439591346154 0.7133805408653846 0.23405797115384616 0.7171836754807692 0.23888888942307693 0.7385083725961539 0.25772947596153845
0 0.7147388004807692 0.24758454807692307 0.7179986298076924 0.24685990144230768 0.7186777596153846 0.24396135817307693 0.7181344519230769 0.2408212548076923 0.7113387379807693 0.24039855048076925 0.7106640192307693 0.2434782644230769 0.7110715024038462 0.24661837740384615 0.7147388004807692 0.24758454807692307
0 0.6890172427884615 0.23123861298076923 0.6885051129807693 0.2266848798076923 0.6879929807692308 0.22395263942307692 0.6862656875 0.22340619230769232 0.6860468822115385 0.22850637259615383 0.6862517307692308 0.23160291346153847 0.6875832740384615 0.23433515624999998 0.6890172427884615 0.23123861298076923
0 0.6691623629807691 0.1537340625 0.6787904230769232 0.1610200360576923 0.6836044591346154 0.15919854326923077 0.6870869519230769 0.15737705048076922 0.6840141658653847 0.15227688221153846 0.6780734423076923 0.14426229326923076 0.6722351514423077 0.13916211298076922 0.6628281875 0.13278688701923078 0.6615828221153847 0.14134792067307694 0.6631192163461539 0.1468124014423077 0.6691623629807691 0.1537340625
0 0.7503254807692308 0.09052823076923078 0.7566759014423077 0.08979963942307692 0.7573928822115386 0.08597449759615385 0.7554467908653847 0.07978142307692308 0.7493012187500001 0.07140254807692308 0.7399804350961539 0.0653916201923077 0.7321960360576922 0.06047358653846154 0.7259685552884616 0.05651184134615384 0.7232849591346154 0.07231329567307693 0.7302499447115385 0.0777777764423077 0.743872625 0.08633879807692307 0.7503254807692308 0.09052823076923078
0 0.41037205769230767 0.00777778125 0.4082893918269231 0.004074076923076923 0.40537365625 0.0011111177884615385 0.4008756466346154 0.0010185192307692308 0.40329099038461536 0.008148146634615385 0.40745632211538463 0.013333336538461539 0.4105803221153846 0.012962971153846155 0.41037205769230767 0.00777778125