0 0.23155837811431362 0.031291611185086554 0.008793356130923302 0.005326231691078562
0 0.3092330239374695 0.010652463382157125 0.012212994626282364 0.007323568575233023
0 0.3092330239374695 0.007323568575233023 0.008304836345872008 0.0039946737683089215
0 0.40937957987298484 0.03195739014647137 0.015144113336590131 0.007323568575233023
0 0.6213971665852467 0.0692410119840213 0.02979970688812897 0.009320905459387484
0 0.7821201758671226 0.02862849533954727 0.019540791402051783 0.006657789613848202
0 0.19345383488031265 0.24300932090545938 0.005862237420615535 0.006657789613848202
0 0.20029311187103077 0.2403462050599201 0.0039081582804103565 0.004660452729693742
0 0.205666829506595 0.24766977363515313 0.008304836345872008 0.008655126498002663
0 0.26722032242305815 0.2822902796271638 0.00537371763556424 0.007323568575233023
0 0.2872496336101612 0.2603195739014647 0.0073277967757694185 0.008655126498002663
0 0.2799218368343918 0.25166444740346205 0.005862237420615535 0.007323568575233023
0 0.29457743038593065 0.26897470039946736 0.005862237420615535 0.006657789613848202
0 0.3048363458720078 0.2809587217043941 0.0039081582804103565 0.004660452729693742
0 0.3155837811431363 0.29360852197070575 0.00537371763556424 0.006657789613848202
0 0.3170493404982902 0.3015978695073236 0.00537371763556424 0.008655126498002663
0 0.31216414264777725 0.31025299600532624 0.004885197850512946 0.007989347536617843
0 0.3072789447972643 0.3182423435419441 0.003419638495359062 0.005992010652463382
0 0.30239374694675136 0.3262316910785619 0.005862237420615535 0.009986684420772303
0 0.2892037127503664 0.3322237017310253 0.003419638495359062 0.004660452729693742
0 0.29311187103077674 0.3362183754993342 0.003419638495359062 0.0039946737683089215
0 0.2892037127503664 0.32423435419440744 0.0039081582804103565 0.005326231691078562
0 0.2872496336101612 0.3235685752330226 0.005862237420615535 0.009986684420772303
0 0.25744992672203226 0.3162450066577896 0.0014655593551538837 0.0019973368841544607
0 0.2432828529555447 0.2856191744340879 0.0019540791402051783 0.002663115845539281
0 0.23546653639472398 0.26964047936085217 0.008304836345872008 0.008655126498002663
0 0.22862725940400586 0.2623169107856192 0.00537371763556424 0.006657789613848202
0 0.21934538348803126 0.2529960053262317 0.006350757205666829 0.007323568575233023
0 0.2237420615534929 0.2729693741677763 0.002442598925256473 0.003328894806924101