0 0.2164142647777235 0.7896138482023968 0.005862237420615535 0.019307589880159785
0 0.23717635564240352 0.8232356857523302 0.0019540791402051783 0.002663115845539281
0 0.3522227650219834 0.8115845539280959 0.004885197850512946 0.010652463382157125
0 0.38568637029799707 0.9124500665778962 0.00537371763556424 0.015312916111850865
0 0.44650708353688323 0.6807589880159787 0.011235955056179775 0.02862849533954727
0 0.5683927699071812 0.6061917443408789 0.006350757205666829 0.02330226364846871
0 0.3759159745969712 0.4387483355525965 0.0073277967757694185 0.02862849533954727
0 0.5100146555935515 0.3322237017310253 0.019540791402051783 0.03994673768308921
0 0.42159257449926724 0.2197070572569907 0.021006350757205666 0.03861517976031957
0 0.6524181729360039 0.19474034620505992 0.006350757205666829 0.013981358189081226
0 0.6482657547630679 0.20505992010652463 0.004396678065461651 0.004660452729693742
0 0.6604787493893503 0.21438082556591212 0.003419638495359062 0.005992010652463382
0 0.26160234489496825 0.14513981358189082 0.014167073766487542 0.02529960053262317
0 0.22960429897410845 0.30758988015978694 0.008793356130923302 0.02663115845539281
0 0.1700048851978505 0.18009320905459386 0.01074743527112848 0.02796271637816245
0 0.19491939423546653 0.5459387483355526 0.006350757205666829 0.02463382157123835
0 0.32364435759648263 0.6631158455392809 0.007816316560820713 0.020639147802929428
0 0.2830972154372252 0.8971371504660453 0.00537371763556424 0.015312916111850865