0 0.5109916951636542 0.016311584553928095 0.01612115290669272 0.011984021304926764
0 0.31069858329262334 0.11750998668442077 0.030776746458231558 0.017976031957390146
0 0.14728871519296532 0.12716378162450068 0.020029311187103077 0.012649800266311585
0 0.756228627259404 0.15545938748335553 0.006839276990718124 0.007989347536617843
0 0.7491450903761603 0.15512649800266312 0.004396678065461651 0.005992010652463382
0 0.7452369320957499 0.16378162450066577 0.009281875915974597 0.010652463382157125
0 0.6907669760625306 0.21637816245006658 0.006350757205666829 0.008655126498002663
0 0.6678065461651197 0.20139813581890811 0.008793356130923302 0.010652463382157125
0 0.6734245236932096 0.1904127829560586 0.006839276990718124 0.008655126498002663
0 0.6619443087445042 0.21205059920106525 0.006839276990718124 0.007989347536617843
0 0.6541279921836834 0.2266977363515313 0.004396678065461651 0.005992010652463382
0 0.6455788959452858 0.24234354194407456 0.006350757205666829 0.007989347536617843
0 0.6455788959452858 0.2506657789613848 0.006839276990718124 0.009986684420772303
0 0.651685393258427 0.2576564580559254 0.005862237420615535 0.009320905459387484
0 0.6577918905715682 0.26398135818908125 0.004396678065461651 0.006657789613848202
0 0.6638983878847093 0.2699733688415446 0.0073277967757694185 0.011318242343541944
0 0.6778212017586712 0.2719707057256991 0.0039081582804103565 0.005326231691078562
0 0.6746458231558378 0.2769640479360852 0.0039081582804103565 0.004660452729693742
0 0.6763556424035173 0.26398135818908125 0.004885197850512946 0.006657789613848202
0 0.6780654616511969 0.262982689747004 0.0073277967757694185 0.011318242343541944
0 0.7059110893991206 0.2466711051930759 0.0019540791402051783 0.002663115845539281
0 0.714704445530044 0.21238348868175766 0.002442598925256473 0.003328894806924101
0 0.7198339032730826 0.19440745672436752 0.009281875915974597 0.010652463382157125
0 0.7252076209086468 0.18508655126498003 0.006350757205666829 0.007989347536617843
0 0.7327796775769418 0.17343541944074567 0.0073277967757694185 0.009320905459387484
0 0.7318026380068393 0.1940745672436751 0.0029311187103077674 0.0039946737683089215