0 0.6025891548607719 0.9620505992010653 0.014167073766487542 0.007989347536617843
0 0.6328773815339521 0.9470705725699068 0.0019540791402051783 0.002663115845539281
0 0.6643869076697606 0.7956058588548602 0.007816316560820713 0.006657789613848202
0 0.7452369320957499 0.7876165113182424 0.011235955056179775 0.007323568575233023
0 0.6064973131411823 0.6304926764314248 0.021006350757205666 0.015312916111850865
0 0.5967269174401564 0.44873501997336884 0.01709819247679531 0.008655126498002663
0 0.415486077186126 0.6378162450066578 0.021006350757205666 0.009986684420772303
0 0.3878847093307279 0.4297603195739015 0.029311187103077674 0.02663115845539281
0 0.2799218368343918 0.5046604527296937 0.028334147532975085 0.02862849533954727
0 0.34147532975085493 0.2003994673768309 0.010258915486077186 0.008655126498002663
0 0.34733756717147046 0.20905459387483355 0.003419638495359062 0.005992010652463382
0 0.35784074255007325 0.19673768308921438 0.004396678065461651 0.004660452729693742
0 0.03395212506106497 0.33854860186418106 0.025891548607718612 0.02663115845539281
0 0.17391304347826086 0.6840878828229028 0.018563751831949193 0.019307589880159785
0 0.27503663898387887 0.7806258322237017 0.019540791402051783 0.011984021304926764
0 0.16658524670249145 0.813249001331558 0.02051783097215437 0.014647137150466045
0 0.4272105520273571 0.9064580559254327 0.0180752320468979 0.008655126498002663
0 0.5520273571079629 0.7816245006657789 0.015144113336590131 0.010652463382157125
0 0.6998045920859794 0.9137816245006658 0.011235955056179775 0.007323568575233023