0 0.1611328125 0.47136273864384465 0.00634765625 0.009216589861751152
0 0.165283203125 0.46148782093482554 0.0068359375 0.009874917709019092
0 0.17041015625 0.45062541145490453 0.0068359375 0.009874917709019092
0 0.190673828125 0.4479921000658328 0.0029296875 0.003949967083607637
0 0.17822265625 0.36899275839368006 0.00732421875 0.009216589861751152
0 0.172119140625 0.35253456221198154 0.00439453125 0.007241606319947334
0 0.18115234375 0.33607636603028307 0.00439453125 0.0065832784726793945
0 0.185791015625 0.33410138248847926 0.005859375 0.0065832784726793945
0 0.201171875 0.3469387755102041 0.0068359375 0.007899934167215274
0 0.197021484375 0.3640552995391705 0.0078125 0.009216589861751152
0 0.207763671875 0.35220539828834757 0.0048828125 0.005924950625411455
0 0.2060546875 0.37228439763001975 0.00830078125 0.01053324555628703
0 0.201416015625 0.413100724160632 0.001953125 0.0032916392363396972
0 0.203369140625 0.4137590520078999 0.00146484375 0.0019749835418038184
0 0.157958984375 0.49275839368005264 0.00537109375 0.009216589861751152
0 0.153564453125 0.49934167215273206 0.00390625 0.0065832784726793945
0 0.1318359375 0.44042132982225146 0.0087890625 0.012508229098090849
0 0.1279296875 0.3778801843317972 0.0048828125 0.007899934167215274