0 0.8817782120175867 0.21205059920106525 0.00537371763556424 0.012649800266311585
0 0.8844650708353688 0.31990679094540614 0.0073277967757694185 0.017310252996005325
0 0.8869076697606253 0.3202396804260985 0.004396678065461651 0.011984021304926764
0 0.8534440644846116 0.45139813581890814 0.007816316560820713 0.02130492676431425
0 0.7931118710307767 0.7306924101198402 0.011235955056179775 0.041278295605858856
0 0.7975085490962384 0.9533954727030626 0.007816316560820713 0.02729693741677763
0 0.7342452369320958 0.12749667110519308 0.005862237420615535 0.008655126498002663
0 0.7349780166096727 0.13715046604527298 0.0039081582804103565 0.005992010652463382
0 0.7288715192965315 0.14314247669773636 0.0073277967757694185 0.012649800266311585
0 0.6941866145578895 0.2207057256990679 0.006350757205666829 0.008655126498002663
0 0.7068881289692233 0.25099866844207724 0.0073277967757694185 0.011318242343541944
0 0.7144601856375183 0.24267643142476697 0.006350757205666829 0.009320905459387484
0 0.6995603321934538 0.2596537949400799 0.005862237420615535 0.008655126498002663
0 0.6893014167073767 0.27163781624500666 0.0039081582804103565 0.005992010652463382
0 0.6783097215437225 0.28395472703062585 0.005862237420615535 0.007989347536617843
0 0.672447484123107 0.28462050599201066 0.0073277967757694185 0.008655126498002663
0 0.666829506595017 0.2769640479360852 0.006350757205666829 0.007989347536617843
0 0.6619443087445042 0.26897470039946736 0.004885197850512946 0.005326231691078562
0 0.6568148510014655 0.26131824234354195 0.008304836345872008 0.009320905459387484
0 0.6546165119687347 0.24234354194407456 0.0039081582804103565 0.005326231691078562
0 0.65095261358085 0.2470039946737683 0.003419638495359062 0.005326231691078562
0 0.6604787493893503 0.2436750998668442 0.004396678065461651 0.005992010652463382
0 0.6612115290669273 0.24134487350199735 0.008304836345872008 0.009320905459387484
0 0.6712261846604788 0.20239680426098536 0.0014655593551538837 0.0019973368841544607
0 0.6954079140205178 0.18808255659121173 0.002442598925256473 0.003328894806924101
0 0.7083536883243772 0.18009320905459386 0.0073277967757694185 0.012649800266311585
0 0.714704445530044 0.17177097203728361 0.005862237420615535 0.007989347536617843
0 0.723009281875916 0.1607856191744341 0.006350757205666829 0.009986684420772303
0 0.7078651685393258 0.16378162450066577 0.0029311187103077674 0.0039946737683089215