0 0.50244140625 0.9575378538512179 0.00732421875 0.009216589861751152
0 0.494873046875 0.9529295589203424 0.0078125 0.009874917709019092
0 0.486572265625 0.9466754443712969 0.0078125 0.009874917709019092
0 0.48291015625 0.9193548387096774 0.00341796875 0.003949967083607637
0 0.42529296875 0.9417379855167873 0.00732421875 0.01053324555628703
0 0.413818359375 0.9512837393021725 0.00537109375 0.0065832784726793945
0 0.40087890625 0.9404213298222515 0.0048828125 0.005924950625411455
0 0.399169921875 0.934167215273206 0.00537109375 0.007899934167215274
0 0.40771484375 0.912771560236998 0.00634765625 0.009874917709019092
0 0.420654296875 0.9170506912442397 0.00732421875 0.01119157340355497
0 0.410888671875 0.9032258064516129 0.00439453125 0.0065832784726793945
0 0.426025390625 0.9042132982225148 0.00830078125 0.01184990125082291
0 0.45654296875 0.9078341013824884 0.00244140625 0.0026333113890717576
0 0.456787109375 0.9048716260697828 0.00146484375 0.0019749835418038184
0 0.5185546875 0.9605003291639236 0.00732421875 0.007899934167215274
0 0.523681640625 0.9660961158657011 0.0048828125 0.005266622778143515
0 0.4814453125 0.9963791968400263 0.009765625 0.007241606319947334