0 0.7835857352222765 0.2103861517976032 0.005862237420615535 0.019307589880159785
0 0.7628236443575965 0.17676431424766978 0.0019540791402051783 0.002663115845539281
0 0.6477772349780166 0.18841544607190414 0.004885197850512946 0.010652463382157125
0 0.614313629702003 0.08754993342210386 0.00537371763556424 0.015312916111850865
0 0.5534929164631167 0.31924101198402133 0.011235955056179775 0.02862849533954727
0 0.43160723009281876 0.3938082556591212 0.006350757205666829 0.02330226364846871
0 0.6240840254030289 0.5612516644474035 0.0073277967757694185 0.02862849533954727
0 0.4899853444064485 0.6677762982689747 0.019540791402051783 0.03994673768308921
0 0.5784074255007328 0.7802929427430093 0.021006350757205666 0.03861517976031957
0 0.3475818270639961 0.8052596537949401 0.006350757205666829 0.013981358189081226
0 0.3517342452369321 0.7949400798934754 0.004396678065461651 0.004660452729693742
0 0.33952125061064975 0.7856191744340879 0.003419638495359062 0.005992010652463382
0 0.7383976551050317 0.8548601864181092 0.014167073766487542 0.02529960053262317
0 0.7703957010258915 0.6924101198402131 0.008793356130923302 0.02663115845539281
0 0.8299951148021495 0.8199067909454061 0.01074743527112848 0.02796271637816245
0 0.8050806057645334 0.4540612516644474 0.006350757205666829 0.02463382157123835
0 0.6763556424035173 0.33688415446071907 0.007816316560820713 0.020639147802929428
0 0.7169027845627748 0.10286284953395473 0.00537371763556424 0.015312916111850865