0 0.596923828125 0.9387755102040817 0.0068359375 0.008558262014483212
0 0.603271484375 0.9308755760368663 0.00732421875 0.009874917709019092
0 0.60986328125 0.9219881500987491 0.00732421875 0.009874917709019092
0 0.607177734375 0.8943383805134957 0.00341796875 0.003949967083607637
0 0.667236328125 0.8930217248189598 0.00732421875 0.009874917709019092
0 0.680419921875 0.8976300197498355 0.00537109375 0.005924950625411455
0 0.690185546875 0.8821593153390388 0.0048828125 0.005924950625411455
0 0.690673828125 0.8752468729427255 0.0048828125 0.007899934167215274
0 0.677734375 0.8581303489137591 0.00634765625 0.009216589861751152
0 0.666259765625 0.8673469387755102 0.00732421875 0.01053324555628703
0 0.672607421875 0.8505595786701777 0.00439453125 0.0065832784726793945
0 0.658447265625 0.8574720210664911 0.0078125 0.01184990125082291
0 0.6298828125 0.8729427254772877 0.00244140625 0.0026333113890717576
0 0.629150390625 0.8703094140882159 0.00146484375 0.0019749835418038184
0 0.58203125 0.9476629361421988 0.0068359375 0.007899934167215274
0 0.578369140625 0.9549045424621462 0.0048828125 0.005266622778143515
0 0.6259765625 0.9703752468729427 0.00927734375 0.01184990125082291
0 0.671875 0.9614878209348255 0.005859375 0.0065832784726793945