0 0.6002307692307693 0.9106630615380616 0.05008076923076923 0.037259615380615380
0 0.6066306153806150 0.5072115380615380 0.03125 0.018028806153806152
0 0.6887019230769231 0.5877003806153806 0.028806153806153808 0.02003806153806150
0 0.7235576923076923 0.5865380615380616 0.028806153806153808 0.025200380615380616
0 0.506875 0.5008653806153806 0.03085576923076923 0.019230769230769232
0 0.09158653806153800 0.515625 0.00927880615380615 0.00326923076923077
0 0.5500807692307693 0.8882211538061539 0.027600230769230768 0.028806153806153808
0 0.5020673076923077 0.8990380615380616 0.025200380615380616 0.027600230769230768
0 0.5600961538061539 0.5588902307692307 0.019230769230769232 0.02003806153806150
0 0.5769230769230769 0.5625 0.000865380615380616 0.006875
0 0.5080769230769231 0.5877003806153806 0.037259615380615380 0.03125
0 0.5552880615380616 0.5805288061538061 0.03085576923076923 0.027600230769230768