0 0.23197115384615385 0.6947115384615384 0.06610576923076923 0.056490384615384616
0 0.2439903846153846 0.8629807692307693 0.0625 0.0625
0 0.34975961538461536 0.8329326923076923 0.06610576923076923 0.08774038461538461
0 0.31850961538461536 0.7439903846153846 0.06971153846153846 0.046875
0 0.31009615384615385 0.6177884615384616 0.04927884615384615 0.03485576923076923
0 0.3918269230769231 0.515625 0.037259615384615384 0.03125
0 0.42788461538461536 0.4987980769230769 0.03485576923076923 0.028846153846153848
0 0.3786057692307692 0.6490384615384616 0.06971153846153846 0.040865384615384616
0 0.6033653846153846 0.4182692307692308 0.04326923076923077 0.05048076923076923
0 0.40865384615384615 0.7331730769230769 0.06490384615384616 0.06850961538461539
0 0.45552884615384615 0.6201923076923077 0.040865384615384616 0.028846153846153848
0 0.46033653846153844 0.6598557692307693 0.056490384615384616 0.055288461538461536
0 0.5192307692307693 0.6370192307692307 0.05048076923076923 0.04326923076923077
0 0.6766826923076923 0.5516826923076923 0.052884615384615384 0.04927884615384615
0 0.7175480769230769 0.44591346153846156 0.052884615384615384 0.037259615384615384
0 0.6959134615384616 0.36778846153846156 0.04447115384615385 0.028846153846153848
0 0.8822115384615384 0.33052884615384615 0.03365384615384615 0.040865384615384616