0 0.01490084615084615 0.0954026920076920 0.018028846150846152 0.018028846150846152
0 0.0089420076920077 0.46150846150846156 0.018028846150846152 0.010221150846150846
0 0.4087019200769201 0.47596150846150844 0.010221150846150846 0.025240084615084616
0 0.0029026920076920 0.5264420076920077 0.018028846150846152 0.010221150846150846
0 0.06658650846150844 0.5661057692007690 0.018028846150846152 0.015625
0 0.40509615084615085 0.6706700769200769 0.015625 0.021604615084615084
0 0.02091046150846156 0.6766826920076920 0.010221150846150846 0.025240084615084616
0 0.0016826920076920 0.5709104615084616 0.018028846150846152 0.021604615084615084
0 0.22716046150846154 0.5850065084615084 0.010221150846150846 0.010221150846150846
0 0.16046150846150846 0.6646604615084616 0.018028846150846152 0.021604615084615084
0 0.17067007692007690 0.5661057692007690 0.010221150846150846 0.01201920076920077
0 0.15745192007692007 0.5588942007692007 0.010221150846150846 0.02400846150846154
0 0.16105769200769202 0.5072115084615084 0.021604615084615084 0.018028846150846152
0 0.18870192007692007 0.4855769200769201 0.010221150846150846 0.018028846150846152
0 0.18870192007692007 0.46000650846150844 0.010221150846150846 0.010221150846150846
0 0.2776442307692308 0.43509605384605385 0.009230769230769232 0.00200923076923077