0 0.16947115384615385 0.6622596153846154 0.028846153846153848 0.03125
0 0.3245192307692308 0.671875 0.02403846153846154 0.04326923076923077
0 0.43509615384615385 0.6694711538461539 0.03365384615384615 0.03485576923076923
0 0.16706730769230768 0.5564903846153846 0.03365384615384615 0.046875
0 0.1622596153846154 0.5024038461538461 0.02403846153846154 0.03125
0 0.3016826923076923 0.5649038461538461 0.028846153846153848 0.03125
0 0.22596153846153846 0.5853365384615384 0.027644230769230768 0.028846153846153848
0 0.3629807692307692 0.5649038461538461 0.027644230769230768 0.025240384615384616
0 0.43990384615384615 0.47716346153846156 0.028846153846153848 0.040865384615384616
0 0.33653846153846156 0.5264423076923077 0.03485576923076923 0.028846153846153848
0 0.3173076923076923 0.3918269230769231 0.025240384615384616 0.028846153846153848
0 0.27403846153846156 0.4338942307692308 0.028846153846153848 0.03125
0 0.3389423076923077 0.46153846153846156 0.025240384615384616 0.02403846153846154