0 0.04927884615384615 0.24759615384615385 0.03125 0.027644230769230768
0 0.08533653846153846 0.31009615384615385 0.021634615384615384 0.028846153846153848
0 0.421875 0.9050480769230769 0.055288461538461536 0.06009615384615385
0 0.12379807692307693 0.36177884615384615 0.037259615384615384 0.038461538461538464
0 0.1971153846153846 0.46875 0.038461538461538464 0.05889423076923077
0 0.27283653846153844 0.07572115384615384 0.013221153846153846 0.025240384615384616
0 0.3329326923076923 0.6802884615384616 0.028846153846153848 0.038461538461538464
0 0.3401442307692308 0.5769230769230769 0.027644230769230768 0.037259615384615384
0 0.24759615384615385 0.48197115384615385 0.025240384615384616 0.03125
0 0.45552884615384615 0.8173076923076923 0.02403846153846154 0.021634615384615384
0 0.49399038461538464 0.7800480769230769 0.02403846153846154 0.028846153846153848
0 0.5180288461538461 0.7283653846153846 0.021634615384615384 0.038461538461538464
0 0.5492788461538461 0.6502403846153846 0.037259615384615384 0.038461538461538464
0 0.3942307692307692 0.6754807692307693 0.038461538461538464 0.038461538461538464
0 0.4375 0.6334134615384616 0.019230769230769232 0.028846153846153848
0 0.4723557692307692 0.5925480769230769 0.02403846153846154 0.028846153846153848
0 0.4110576923076923 0.5853365384615384 0.021634615384615384 0.028846153846153848
0 0.43990384615384615 0.5564903846153846 0.018028846153846152 0.03125
0 0.38221153846153844 0.5564903846153846 0.028846153846153848 0.03125
0 0.4074519230769231 0.5180288461538461 0.028846153846153848 0.027644230769230768
0 0.4519230769230769 0.49759615384615385 0.018028846153846152 0.027644230769230768
0 0.31850961538461536 0.5024038461538461 0.02403846153846154 0.028846153846153848
0 0.3557692307692308 0.5168269230769231 0.02403846153846154 0.028846153846153848
0 0.40384615384615385 0.43990384615384615 0.021634615384615384 0.027644230769230768
0 0.37740384615384615 0.4807692307692308 0.027644230769230768 0.03125
0 0.42788461538461536 0.4639423076923077 0.027644230769230768 0.025240384615384616
0 0.1045673076923077 0.28725961538461536 0.025240384615384616 0.03125
0 0.11778846153846154 0.25841346153846156 0.03365384615384615 0.03365384615384615
0 0.33052884615384615 0.09735576923076923 0.018028846153846152 0.019230769230769232
0 0.25600961538461536 0.4543269230769231 0.02403846153846154 0.03365384615384615
0 0.2692307692307692 0.4170673076923077 0.01201923076923077 0.025240384615384616
0 0.29927884615384615 0.39783653846153844 0.03365384615384615 0.040865384615384616
0 0.22115384615384615 0.40384615384615385 0.019230769230769232 0.027644230769230768
0 0.14543269230769232 0.328125 0.025240384615384616 0.038461538461538464
0 0.25240384615384615 0.3641826923076923 0.028846153846153848 0.03365384615384615
0 0.19591346153846154 0.37259615384615385 0.03365384615384615 0.027644230769230768
0 0.12620192307692307 0.13581730769230768 0.028846153846153848 0.037259615384615384
0 0.12379807692307693 0.2247596153846154 0.018028846153846152 0.027644230769230768
0 0.2620192307692308 0.1310096153846154 0.019230769230769232 0.03125
0 0.27403846153846156 0.11778846153846154 0.018028846153846152 0.019230769230769232
0 0.25841346153846156 0.09615384615384616 0.021634615384615384 0.02403846153846154
0 0.3004807692307692 0.10096153846153846 0.02403846153846154 0.025240384615384616
0 0.18629807692307693 0.16466346153846154 0.018028846153846152 0.028846153846153848
0 0.15384615384615385 0.2403846153846154 0.02403846153846154 0.03125
0 0.2127403846153846 0.19230769230769232 0.019230769230769232 0.025240384615384616
0 0.21634615384615385 0.25600961538461536 0.028846153846153848 0.04326923076923077
0 0.16826923076923078 0.3016826923076923 0.027644230769230768 0.025240384615384616
0 0.19110576923076922 0.3317307692307692 0.027644230769230768 0.02403846153846154
0 0.21875 0.32572115384615385 0.019230769230769232 0.03485576923076923
0 0.24879807692307693 0.28365384615384615 0.025240384615384616 0.025240384615384616
0 0.2800480769230769 0.31009615384615385 0.025240384615384616 0.038461538461538464
0 0.3245192307692308 0.35096153846153844 0.02403846153846154 0.027644230769230768
0 0.35216346153846156 0.12620192307692307 0.018028846153846152 0.021634615384615384
0 0.43149038461538464 0.21995192307692307 0.019230769230769232 0.021634615384615384
0 0.33533653846153844 0.3137019230769231 0.018028846153846152 0.028846153846153848
0 0.24639423076923078 0.21634615384615385 0.02403846153846154 0.027644230769230768
0 0.27884615384615385 0.25600961538461536 0.028846153846153848 0.02403846153846154
0 0.29927884615384615 0.2824519230769231 0.018028846153846152 0.025240384615384616
0 0.2980769230769231 0.13701923076923078 0.021634615384615384 0.02403846153846154
0 0.375 0.140625 0.02403846153846154 0.027644230769230768
0 0.328125 0.16947115384615385 0.02403846153846154 0.019230769230769232
0 0.15264423076923078 0.17427884615384615 0.03125 0.027644230769230768
0 0.35697115384615385 0.28125 0.03125 0.027644230769230768
0 0.30528846153846156 0.21995192307692307 0.027644230769230768 0.021634615384615384
0 0.38461538461538464 0.23197115384615385 0.02403846153846154 0.027644230769230768
0 0.23918269230769232 0.15264423076923078 0.025240384615384616 0.027644230769230768
0 0.26802884615384615 0.1814903846153846 0.02403846153846154 0.027644230769230768
0 0.3137019230769231 0.1971153846153846 0.025240384615384616 0.019230769230769232
0 0.29086538461538464 0.15985576923076922 0.02403846153846154 0.02403846153846154
0 0.34615384615384615 0.14903846153846154 0.025240384615384616 0.02403846153846154
0 0.3557692307692308 0.203125 0.02403846153846154 0.02403846153846154
0 0.33774038461538464 0.24759615384615385 0.03125 0.019230769230769232
0 0.3485576923076923 0.22716346153846154 0.025240384615384616 0.025240384615384616
0 0.3858173076923077 0.19110576923076922 0.018028846153846152 0.03125
0 0.40384615384615385 0.20552884615384615 0.019230769230769232 0.028846153846153848