0 0.5444711538461539 0.14783653846153846 0.03125 0.021634615384615384
0 0.39783653846153844 0.19230769230769232 0.040865384615384616 0.021634615384615384
0 0.18028846153846154 0.21033653846153846 0.04447115384615385 0.021634615384615384
0 0.08774038461538461 0.4110576923076923 0.027644230769230768 0.021634615384615384
0 0.33774038461538464 0.47475961538461536 0.019230769230769232 0.01201923076923077
0 0.4230769230769231 0.38461538461538464 0.018028846153846152 0.01201923076923077
0 0.4230769230769231 0.6983173076923077 0.018028846153846152 0.018028846153846152
0 0.45072115384615385 0.6983173076923077 0.02403846153846154 0.018028846153846152
0 0.45072115384615385 0.7259615384615384 0.02403846153846154 0.018028846153846152
0 0.41947115384615385 0.7319711538461539 0.02403846153846154 0.01201923076923077
0 0.3954326923076923 0.7319711538461539 0.018028846153846152 0.01201923076923077
0 0.3762019230769231 0.7391826923076923 0.013221153846153846 0.018028846153846152