0 0.20072115384615385 0.8713942307692307 0.037259615384615384 0.046875
0 0.15264423076923078 0.7283653846153846 0.027644230769230768 0.03125
0 0.13341346153846154 0.6694711538461539 0.03365384615384615 0.03365384615384615
0 0.19831730769230768 0.6237980769230769 0.040865384615384616 0.037259615384615384
0 0.2091346153846154 0.7055288461538461 0.03125 0.03125
0 0.27283653846153844 0.7704326923076923 0.025240384615384616 0.028846153846153848
0 0.28846153846153844 0.8004807692307693 0.028846153846153848 0.027644230769230768
0 0.27884615384615385 0.7127403846153846 0.027644230769230768 0.03125
0 0.30649038461538464 0.7283653846153846 0.019230769230769232 0.03485576923076923
0 0.33413461538461536 0.6911057692307693 0.027644230769230768 0.02403846153846154
0 0.23677884615384615 0.5637019230769231 0.028846153846153848 0.021634615384615384
0 0.24519230769230768 0.6105769230769231 0.03365384615384615 0.028846153846153848
0 0.27884615384615385 0.6418269230769231 0.02403846153846154 0.03365384615384615
0 0.29447115384615385 0.5649038461538461 0.025240384615384616 0.03365384615384615
0 0.21033653846153846 0.43990384615384615 0.040865384615384616 0.03365384615384615
0 0.27884615384615385 0.49759615384615385 0.03485576923076923 0.038461538461538464
0 0.33653846153846156 0.5180288461538461 0.03365384615384615 0.04326923076923077
0 0.28365384615384615 0.4338942307692308 0.03365384615384615 0.03485576923076923
0 0.35336538461538464 0.4519230769230769 0.038461538461538464 0.03365384615384615
0 0.28966346153846156 0.20673076923076922 0.028846153846153848 0.027644230769230768
0 0.2860576923076923 0.23677884615384615 0.018028846153846152 0.028846153846153848
0 0.25961538461538464 0.30408653846153844 0.038461538461538464 0.037259615384615384
0 0.2824519230769231 0.27403846153846156 0.037259615384615384 0.028846153846153848
0 0.28125 0.3641826923076923 0.02403846153846154 0.037259615384615384
0 0.34134615384615385 0.3485576923076923 0.025240384615384616 0.037259615384615384
0 0.38341346153846156 0.3894230769230769 0.03365384615384615 0.03365384615384615
0 0.31490384615384615 0.29927884615384615 0.027644230769230768 0.037259615384615384
0 0.3329326923076923 0.21634615384615385 0.028846153846153848 0.027644230769230768
0 0.31971153846153844 0.2548076923076923 0.027644230769230768 0.028846153846153848
0 0.35697115384615385 0.296875 0.021634615384615384 0.038461538461538464