0 0.055288461538461536 0.43028846153846156 0.025240384615384616 0.037259615384615384
0 0.15384615384615385 0.43509615384615385 0.03125 0.03125
0 0.1875 0.4423076923076923 0.02403846153846154 0.03365384615384615
0 0.47716346153846156 0.9230769230769231 0.03365384615384615 0.040865384615384616
0 0.4230769230769231 0.890625 0.028846153846153848 0.04326923076923077
0 0.26322115384615385 0.9038461538461539 0.03365384615384615 0.03485576923076923
0 0.05048076923076923 0.48197115384615385 0.027644230769230768 0.03365384615384615
0 0.05048076923076923 0.5252403846153846 0.027644230769230768 0.027644230769230768
0 0.10697115384615384 0.5168269230769231 0.021634615384615384 0.03365384615384615
0 0.16346153846153846 0.5012019230769231 0.028846153846153848 0.028846153846153848
0 0.04807692307692308 0.5709134615384616 0.03365384615384615 0.028846153846153848
0 0.04807692307692308 0.6153846153846154 0.03365384615384615 0.027644230769230768
0 0.06490384615384616 0.7055288461538461 0.03125 0.025240384615384616
0 0.09735576923076923 0.6057692307692307 0.03125 0.03485576923076923
0 0.140625 0.5336538461538461 0.027644230769230768 0.028846153846153848
0 0.09735576923076923 0.6658653846153846 0.03125 0.027644230769230768
0 0.1502403846153846 0.5985576923076923 0.027644230769230768 0.037259615384615384
0 0.17548076923076922 0.5612980769230769 0.03125 0.037259615384615384
0 0.12740384615384615 0.7367788461538461 0.027644230769230768 0.027644230769230768
0 0.16346153846153846 0.7680288461538461 0.027644230769230768 0.028846153846153848
0 0.1778846153846154 0.8413461538461539 0.03485576923076923 0.027644230769230768
0 0.1971153846153846 0.6899038461538461 0.03125 0.027644230769230768
0 0.15264423076923078 0.6971153846153846 0.027644230769230768 0.02403846153846154
0 0.16466346153846154 0.6490384615384616 0.025240384615384616 0.03365384615384615
0 0.2127403846153846 0.5757211538461539 0.027644230769230768 0.027644230769230768
0 0.23197115384615385 0.609375 0.028846153846153848 0.019230769230769232
0 0.2536057692307692 0.6935096153846154 0.03125 0.027644230769230768
0 0.22716346153846154 0.7367788461538461 0.037259615384615384 0.03365384615384615
0 0.2860576923076923 0.5288461538461539 0.025240384615384616 0.028846153846153848
0 0.33653846153846156 0.5144230769230769 0.027644230769230768 0.021634615384615384
0 0.2980769230769231 0.5733173076923077 0.028846153846153848 0.025240384615384616
0 0.25240384615384615 0.6478365384615384 0.027644230769230768 0.03365384615384615
0 0.21995192307692307 0.7956730769230769 0.028846153846153848 0.037259615384615384
0 0.25721153846153844 0.7980769230769231 0.027644230769230768 0.037259615384615384
0 0.2439903846153846 0.8497596153846154 0.027644230769230768 0.03125
0 0.2980769230769231 0.8509615384615384 0.03365384615384615 0.03485576923076923
0 0.29927884615384615 0.7235576923076923 0.025240384615384616 0.03365384615384615
0 0.35336538461538464 0.6850961538461539 0.027644230769230768 0.027644230769230768
0 0.33533653846153844 0.6418269230769231 0.03365384615384615 0.03365384615384615
0 0.34134615384615385 0.6045673076923077 0.02403846153846154 0.028846153846153848
0 0.3245192307692308 0.5492788461538461 0.02403846153846154 0.027644230769230768
0 0.39302884615384615 0.5600961538461539 0.02403846153846154 0.027644230769230768
0 0.3629807692307692 0.9242788461538461 0.03485576923076923 0.03365384615384615
0 0.37259615384615385 0.8822115384615384 0.03125 0.03485576923076923
0 0.38221153846153844 0.8161057692307693 0.03365384615384615 0.03125
0 0.4050480769230769 0.7764423076923077 0.028846153846153848 0.040865384615384616
0 0.4411057692307692 0.7980769230769231 0.03125 0.03365384615384615
0 0.43028846153846156 0.71875 0.027644230769230768 0.03125
0 0.45552884615384615 0.7596153846153846 0.03365384615384615 0.038461538461538464
0 0.421875 0.5745192307692307 0.027644230769230768 0.027644230769230768
0 0.4014423076923077 0.5973557692307693 0.037259615384615384 0.03125
0 0.4362980769230769 0.6165865384615384 0.03365384615384615 0.03365384615384615
0 0.4579326923076923 0.5913461538461539 0.021634615384615384 0.025240384615384616
0 0.3954326923076923 0.6778846153846154 0.021634615384615384 0.03125
0 0.4543269230769231 0.6911057692307693 0.028846153846153848 0.027644230769230768