0 0.2932692307692308 0.21153846153846154 0.01201923076923077 0.013221153846153846
0 0.33413461538461536 0.21754807692307693 0.015625 0.018028846153846152
0 0.2848557692307692 0.23918269230769232 0.015625 0.009615384615384616
0 0.31971153846153844 0.2548076923076923 0.018028846153846152 0.013221153846153846
0 0.3545673076923077 0.29447115384615385 0.018028846153846152 0.01201923076923077
0 0.3137019230769231 0.29927884615384615 0.013221153846153846 0.013221153846153846
0 0.25841346153846156 0.29927884615384615 0.013221153846153846 0.013221153846153846
0 0.21033653846153846 0.4387019230769231 0.013221153846153846 0.013221153846153846
0 0.38221153846153844 0.390625 0.01201923076923077 0.015625
0 0.35216346153846156 0.45552884615384615 0.013221153846153846 0.013221153846153846
0 0.2764423076923077 0.5012019230769231 0.013221153846153846 0.013221153846153846
0 0.33653846153846156 0.5192307692307693 0.015625 0.015625
0 0.23918269230769232 0.5649038461538461 0.018028846153846152 0.018028846153846152
0 0.29447115384615385 0.5673076923076923 0.01201923076923077 0.013221153846153846
0 0.24639423076923078 0.6117788461538461 0.02403846153846154 0.013221153846153846
0 0.2764423076923077 0.6454326923076923 0.013221153846153846 0.018028846153846152
0 0.3329326923076923 0.6923076923076923 0.018028846153846152 0.013221153846153846
0 0.2764423076923077 0.7139423076923077 0.013221153846153846 0.013221153846153846
0 0.30528846153846156 0.7271634615384616 0.013221153846153846 0.018028846153846152
0 0.27283653846153844 0.7728365384615384 0.013221153846153846 0.013221153846153846
0 0.28966346153846156 0.8040865384615384 0.013221153846153846 0.013221153846153846
0 0.20432692307692307 0.8725961538461539 0.018028846153846152 0.019230769230769232
0 0.20552884615384615 0.7055288461538461 0.013221153846153846 0.013221153846153846
0 0.19591346153846154 0.625 0.021634615384615384 0.015625
0 0.13341346153846154 0.6730769230769231 0.013221153846153846 0.018028846153846152
0 0.15264423076923078 0.7259615384615384 0.015625 0.01201923076923077
0 0.28365384615384615 0.36658653846153844 0.018028846153846152 0.021634615384615384
0 0.3389423076923077 0.3485576923076923 0.013221153846153846 0.013221153846153846
0 0.28365384615384615 0.43509615384615385 0.015625 0.018028846153846152
0 0.28365384615384615 0.27884615384615385 0.027644230769230768 0.019230769230769232