0 0.21153846153846154 0.6009615384615384 0.018028846153846152 0.018028846153846152
0 0.14182692307692307 0.5913461538461539 0.018028846153846152 0.019230769230769232
0 0.10096153846153846 0.6478365384615384 0.018028846153846152 0.013221153846153846
0 0.13822115384615385 0.65625 0.01201923076923077 0.02403846153846154
0 0.14182692307692307 0.7151442307692307 0.018028846153846152 0.02403846153846154
0 0.20072115384615385 0.6983173076923077 0.01201923076923077 0.018028846153846152
0 0.19831730769230768 0.7704326923076923 0.018028846153846152 0.018028846153846152
0 0.20432692307692307 0.8365384615384616 0.018028846153846152 0.018028846153846152
0 0.20432692307692307 0.9134615384615384 0.018028846153846152 0.018028846153846152
0 0.14302884615384615 0.8485576923076923 0.021634615384615384 0.021634615384615384
0 0.07091346153846154 0.8569711538461539 0.021634615384615384 0.013221153846153846