0 0.23677884615384615 0.6658653846153846 0.037259615384615384 0.038461538461538464
0 0.13581730769230768 0.5913461538461539 0.03365384615384615 0.037259615384615384
0 0.22235576923076922 0.5649038461538461 0.05048076923076923 0.027644230769230768
0 0.125 0.484375 0.038461538461538464 0.027644230769230768
0 0.08052884615384616 0.3954326923076923 0.03365384615384615 0.03365384615384615
0 0.054086538461538464 0.2920673076923077 0.037259615384615384 0.028846153846153848
0 0.109375 0.2536057692307692 0.03485576923076923 0.03125
0 0.23557692307692307 0.4495192307692308 0.04447115384615385 0.03485576923076923
0 0.2920673076923077 0.390625 0.040865384615384616 0.03125
0 0.30528846153846156 0.4891826923076923 0.037259615384615384 0.028846153846153848
0 0.21875 0.24639423076923078 0.04326923076923077 0.03485576923076923
0 0.2536057692307692 0.12980769230769232 0.046875 0.04447115384615385
0 0.34615384615384615 0.13221153846153846 0.04326923076923077 0.03365384615384615
0 0.40384615384615385 0.29447115384615385 0.027644230769230768 0.028846153846153848
0 0.43509615384615385 0.3641826923076923 0.04326923076923077 0.03365384615384615
0 0.31971153846153844 0.2403846153846154 0.038461538461538464 0.02403846153846154
0 0.4050480769230769 0.04927884615384615 0.056490384615384616 0.04447115384615385
0 0.5132211538461539 0.040865384615384616 0.04927884615384615 0.038461538461538464
0 0.5829326923076923 0.0673076923076923 0.040865384615384616 0.040865384615384616
0 0.484375 0.15384615384615385 0.046875 0.038461538461538464
0 0.5024038461538461 0.265625 0.055288461538461536 0.04326923076923077
0 0.5697115384615384 0.1658653846153846 0.03485576923076923 0.03125
0 0.7007211538461539 0.13701923076923078 0.03485576923076923 0.03485576923076923