0 0.5829326923076923 0.06009615384615385 0.018028846153846152 0.03125
0 0.6646634615384616 0.15985576923076922 0.021634615384615384 0.03125
0 0.7788461538461539 0.09615384615384616 0.019230769230769232 0.021634615384615384
0 0.9555288461538461 0.06009615384615385 0.013221153846153846 0.019230769230769232
0 0.9242788461538461 0.14903846153846154 0.021634615384615384 0.03125
0 0.8137019230769231 0.1875 0.021634615384615384 0.02403846153846154
0 0.8569711538461539 0.24278846153846154 0.018028846153846152 0.025240384615384616
0 0.7391826923076923 0.33052884615384615 0.018028846153846152 0.03125
0 0.6670673076923077 0.33774038461538464 0.018028846153846152 0.027644230769230768
0 0.7319711538461539 0.40384615384615385 0.018028846153846152 0.028846153846153848
0 0.6850961538461539 0.46153846153846156 0.015625 0.027644230769230768
0 0.6634615384615384 0.5360576923076923 0.018028846153846152 0.025240384615384616
0 0.7247596153846154 0.5240384615384616 0.01201923076923077 0.019230769230769232
0 0.6802884615384616 0.7680288461538461 0.013221153846153846 0.019230769230769232
0 0.7211538461538461 0.8257211538461539 0.018028846153846152 0.021634615384615384