0 0.6069711538461539 0.03485576923076923 0.019230769230769232 0.019230769230769232
0 0.5408653846153846 0.12980769230769232 0.015625 0.018028846153846152
0 0.5973557692307693 0.171875 0.015625 0.019230769230769232
0 0.6850961538461539 0.1310096153846154 0.019230769230769232 0.015625
0 0.7716346153846154 0.06490384615384616 0.019230769230769232 0.013221153846153846
0 0.8701923076923077 0.08052884615384616 0.018028846153846152 0.013221153846153846
0 0.8329326923076923 0.12259615384615384 0.018028846153846152 0.013221153846153846
0 0.7584134615384616 0.18990384615384615 0.021634615384615384 0.018028846153846152
0 0.8930288461538461 0.17668269230769232 0.013221153846153846 0.018028846153846152
0 0.5252403846153846 0.25841346153846156 0.015625 0.013221153846153846
0 0.6682692307692307 0.20552884615384615 0.015625 0.013221153846153846
0 0.5793269230769231 0.3173076923076923 0.018028846153846152 0.021634615384615384
0 0.7632211538461539 0.2956730769230769 0.015625 0.018028846153846152
0 0.8233173076923077 0.24759615384615385 0.018028846153846152 0.018028846153846152
0 0.9074519230769231 0.3449519230769231 0.018028846153846152 0.013221153846153846
0 0.9555288461538461 0.32572115384615385 0.021634615384615384 0.02403846153846154
0 0.765625 0.4170673076923077 0.019230769230769232 0.018028846153846152
0 0.8329326923076923 0.4639423076923077 0.009615384615384616 0.013221153846153846