0 0.5841346153846154 0.06009615384615385 0.03125 0.052884615384615384
0 0.6658653846153846 0.15865384615384615 0.03125 0.04927884615384615
0 0.7788461538461539 0.09615384615384616 0.03125 0.04447115384615385
0 0.6634615384615384 0.3329326923076923 0.04326923076923077 0.04447115384615385
0 0.6875 0.46153846153846156 0.03125 0.04447115384615385
0 0.6802884615384616 0.7716346153846154 0.03125 0.046875
0 0.7211538461538461 0.8257211538461539 0.021634615384615384 0.03125
0 0.6634615384615384 0.5336538461538461 0.02403846153846154 0.03365384615384615
0 0.7223557692307693 0.5240384615384616 0.02403846153846154 0.03125
0 0.7319711538461539 0.39903846153846156 0.028846153846153848 0.04447115384615385
0 0.7379807692307693 0.3293269230769231 0.027644230769230768 0.040865384615384616
0 0.8569711538461539 0.24278846153846154 0.03125 0.037259615384615384
0 0.8125 0.1875 0.027644230769230768 0.046875
0 0.9278846153846154 0.14543269230769232 0.03125 0.04927884615384615
0 0.9555288461538461 0.06129807692307692 0.028846153846153848 0.028846153846153848