0 0.6081730769230769 0.03365384615384615 0.028846153846153848 0.038461538461538464
0 0.5432692307692307 0.12860576923076922 0.027644230769230768 0.03125
0 0.5252403846153846 0.25721153846153844 0.027644230769230768 0.025240384615384616
0 0.5805288461538461 0.3173076923076923 0.03125 0.03365384615384615
0 0.6670673076923077 0.20432692307692307 0.021634615384615384 0.025240384615384616
0 0.5961538461538461 0.16947115384615385 0.027644230769230768 0.028846153846153848
0 0.6838942307692307 0.12980769230769232 0.03125 0.028846153846153848
0 0.7716346153846154 0.06490384615384616 0.027644230769230768 0.028846153846153848
0 0.7596153846153846 0.19230769230769232 0.03485576923076923 0.040865384615384616
0 0.7644230769230769 0.41466346153846156 0.021634615384615384 0.037259615384615384
0 0.8305288461538461 0.46153846153846156 0.021634615384615384 0.037259615384615384
0 0.7620192307692307 0.29447115384615385 0.03125 0.027644230769230768
0 0.8209134615384616 0.2439903846153846 0.025240384615384616 0.03125
0 0.90625 0.3425480769230769 0.03125 0.021634615384615384
0 0.9543269230769231 0.3293269230769231 0.03365384615384615 0.028846153846153848
0 0.8305288461538461 0.12139423076923077 0.025240384615384616 0.027644230769230768
0 0.8930288461538461 0.17668269230769232 0.025240384615384616 0.025240384615384616
0 0.8689903846153846 0.08052884615384616 0.019230769230769232 0.027644230769230768