0 0.0829326923076923 0.09254807692307693 0.04447115384615385 0.052884615384615384
0 0.17307692307692307 0.14182692307692307 0.037259615384615384 0.040865384615384616
0 0.11177884615384616 0.17668269230769232 0.046875 0.04447115384615385
0 0.31971153846153844 0.9014423076923077 0.03125 0.056490384615384616
0 0.3629807692307692 0.7367788461538461 0.046875 0.046875
0 0.13822115384615385 0.26322115384615385 0.04326923076923077 0.05048076923076923
0 0.19471153846153846 0.21875 0.046875 0.046875
0 0.16346153846153846 0.4423076923076923 0.04447115384615385 0.06490384615384616
0 0.21995192307692307 0.6286057692307693 0.040865384615384616 0.046875
0 0.1875 0.5456730769230769 0.046875 0.052884615384615384
0 0.14543269230769232 0.3485576923076923 0.052884615384615384 0.040865384615384616
0 0.27163461538461536 0.4831730769230769 0.05048076923076923 0.04447115384615385
0 0.3317307692307692 0.6490384615384616 0.05889423076923077 0.046875
0 0.21634615384615385 0.30649038461538464 0.03485576923076923 0.046875