0 0.41225961538461536 0.06009615384615385 0.03485576923076923 0.04447115384615385
0 0.5625 0.20552884615384615 0.055288461538461536 0.046875
0 0.6081730769230769 0.24879807692307693 0.028846153846153848 0.040865384615384616
0 0.5300480769230769 0.06009615384615385 0.037259615384615384 0.040865384615384616
0 0.5733173076923077 0.10216346153846154 0.03365384615384615 0.037259615384615384
0 0.6322115384615384 0.15384615384615385 0.05048076923076923 0.04326923076923077
0 0.6911057692307693 0.21634615384615385 0.038461538461538464 0.037259615384615384
0 0.7475961538461539 0.25240384615384615 0.04927884615384615 0.03485576923076923
0 0.7307692307692307 0.28365384615384615 0.055288461538461536 0.03485576923076923
0 0.7776442307692307 0.3233173076923077 0.04326923076923077 0.037259615384615384
0 0.8221153846153846 0.359375 0.046875 0.03485576923076923
0 0.8125 0.27884615384615385 0.04326923076923077 0.038461538461538464