0 0.14543269230769232 0.1622596153846154 0.028846153846153848 0.038461538461538464
0 0.22596153846153846 0.28125 0.03485576923076923 0.03485576923076923
0 0.1658653846153846 0.28365384615384615 0.02403846153846154 0.03365384615384615
0 0.2620192307692308 0.30649038461538464 0.03125 0.04326923076923077
0 0.28725961538461536 0.20552884615384615 0.04326923076923077 0.05889423076923077
0 0.4230769230769231 0.18870192307692307 0.03365384615384615 0.037259615384615384
0 0.4735576923076923 0.27403846153846156 0.028846153846153848 0.040865384615384616
0 0.53125 0.35697115384615385 0.03485576923076923 0.040865384615384616
0 0.6730769230769231 0.20673076923076922 0.04447115384615385 0.0625
0 0.7127403846153846 0.4254807692307692 0.046875 0.0625
0 0.7115384615384616 0.5552884615384616 0.038461538461538464 0.06009615384615385
0 0.7548076923076923 0.5865384615384616 0.03365384615384615 0.038461538461538464
0 0.7884615384615384 0.5060096153846154 0.03125 0.04326923076923077