0 0.5805288461538461 0.234375 0.040865384615384616 0.05889423076923077
0 0.6418269230769231 0.59375 0.056490384615384616 0.0625
0 0.6947115384615384 0.4110576923076923 0.06971153846153846 0.07572115384615384
0 0.8617788461538461 0.36778846153846156 0.040865384615384616 0.06971153846153846
0 0.9038461538461539 0.18389423076923078 0.06850961538461539 0.13221153846153846
0 0.6586538461538461 0.7103365384615384 0.04447115384615385 0.10697115384615384
0 0.7223557692307693 0.6298076923076923 0.07451923076923077 0.07572115384615384
0 0.7367788461538461 0.7956730769230769 0.05048076923076923 0.056490384615384616
0 0.7103365384615384 0.8942307692307693 0.06490384615384616 0.06610576923076923
0 0.8269230769230769 0.8173076923076923 0.06490384615384616 0.07211538461538461
0 0.7668269230769231 0.47115384615384615 0.04447115384615385 0.055288461538461536
0 0.8545673076923077 0.578125 0.06490384615384616 0.055288461538461536
0 0.9302884615384616 0.5276442307692307 0.037259615384615384 0.038461538461538464
0 0.9278846153846154 0.6838942307692307 0.05048076923076923 0.046875
0 0.8257211538461539 0.9242788461538461 0.08052884615384616 0.056490384615384616
0 0.9783653846153846 0.8149038461538461 0.03485576923076923 0.056490384615384616
0 0.9375 0.9194711538461539 0.07451923076923077 0.04927884615384615