0 0.49158653846153844 0.26802884615384615 0.021634615384615384 0.021634615384615384
0 0.5372596153846154 0.33052884615384615 0.02403846153846154 0.015625
0 0.49759615384615385 0.3545673076923077 0.027644230769230768 0.018028846153846152
0 0.5384615384615384 0.40625 0.037259615384615384 0.02403846153846154
0 0.6225961538461539 0.3954326923076923 0.027644230769230768 0.025240384615384616
0 0.6009615384615384 0.4375 0.027644230769230768 0.02403846153846154
0 0.53125 0.45552884615384615 0.03125 0.03125
0 0.4579326923076923 0.4795673076923077 0.025240384615384616 0.018028846153846152
0 0.48677884615384615 0.5132211538461539 0.021634615384615384 0.02403846153846154
0 0.5180288461538461 0.5540865384615384 0.03125 0.021634615384615384
0 0.6310096153846154 0.5432692307692307 0.03485576923076923 0.027644230769230768
0 0.6490384615384616 0.5913461538461539 0.027644230769230768 0.019230769230769232